0.000572	0.000972
0.251189	0.410767
0.288540	0.843450
0.312913	1.273882
0.331445	1.692691
0.346572	2.096058
0.359443	2.482636
0.370697	2.852288
0.380730	-3.077709
0.389805	-2.740230
0.398106	-2.417577
0.405767	-2.108834
0.412890	-1.813097
0.419552	-1.529499
0.425817	-1.257229
0.431733	-0.995529
0.437341	-0.743698
0.442676	-0.501092
0.447765	-0.267116
0.452632	-0.041228
0.457299	0.177074
0.461783	0.388249
0.466098	0.592719
0.470260	0.790873
0.474279	0.983070
0.478166	1.169639
0.481931	1.350885
0.485582	1.527091
0.489125	1.698517
0.492569	1.865407
0.495920	2.027985
0.499181	2.186460
0.502360	2.341028
0.505460	2.491871
0.508486	2.639158
0.511441	2.783049
0.514330	2.923691
0.517155	3.061225
0.519919	-3.087405
0.522626	-2.955704
0.525278	-2.826742
0.527877	-2.700410
0.530425	-2.576606
0.532926	-2.455232
0.535380	-2.336198
0.537791	-2.219416
0.540158	-2.104805
0.542485	-1.992287
0.544772	-1.881788
0.547022	-1.773238
0.549234	-1.666572
0.551412	-1.561727
0.553556	-1.458641
0.555667	-1.357258
0.557746	-1.257525
0.559795	-1.159388
0.561814	-1.062798
0.563804	-0.967708
0.565766	-0.874074
0.567701	-0.781851
0.569611	-0.690999
0.571495	-0.601477
0.573354	-0.513249
0.575189	-0.426278
0.577001	-0.340528
0.578791	-0.255968
0.580558	-0.172564
0.582304	-0.090285
0.584030	-0.009104
0.585735	0.071010
0.587420	0.150084
0.589086	0.228143
0.590733	0.305214
0.592362	0.381320
0.593973	0.456485
0.595567	0.530732
0.597144	0.604082
0.598704	0.676557
0.600248	0.748178
0.601776	0.818963
0.603289	0.888932
0.604786	0.958103
0.606269	1.026494
0.607737	1.094122
0.609191	1.161004
0.610631	1.227156
0.612058	1.292593
0.613471	1.357330
0.614872	1.421383
0.616259	1.484764
0.617634	1.547489
0.618997	1.609570
0.620347	1.671021
0.621686	1.731853
0.623014	1.792078
0.624330	1.851710
0.625635	1.910759
0.626929	1.969236
0.628212	2.027152
0.629485	2.084518
0.630747	2.141343
0.631999	2.197639
0.633242	2.253414
0.634474	2.308678
0.635697	2.363440
0.636910	2.417709
0.638114	2.471493
0.639309	2.524802
0.640495	2.577643
0.641672	2.630025
0.642841	2.681954
0.644000	2.733440
0.645152	2.784489
0.646295	2.835108
0.647430	2.885305
0.648557	2.935087
0.649676	2.984459
0.650787	3.033430
0.651891	3.082004
0.652987	3.130189
0.654075	-3.105195
0.655156	-3.057771
0.656230	-3.010718
0.657297	-2.964032
0.658357	-2.917706
0.659410	-2.871735
0.660456	-2.826113
0.661496	-2.780836
0.662529	-2.735898
0.663555	-2.691295
0.664575	-2.647021
0.665588	-2.603072
0.666596	-2.559444
0.667597	-2.516130
0.668592	-2.473128
0.669580	-2.430433
0.670563	-2.388040
0.671541	-2.345945
0.672512	-2.304144
0.673477	-2.262634
0.674437	-2.221410
0.675392	-2.180468
0.676341	-2.139805
0.677284	-2.099416
0.678222	-2.059299
0.679155	-2.019450
0.680083	-1.979865
0.681005	-1.940540
0.681922	-1.901473
0.682835	-1.862661
0.683742	-1.824099
0.684644	-1.785785
0.685542	-1.747716
0.686435	-1.709888
0.687322	-1.672299
0.688206	-1.634946
0.689084	-1.597826
0.689958	-1.560935
0.690828	-1.524272
0.691693	-1.487833
0.692553	-1.451617
0.693409	-1.415619
0.694261	-1.379838
0.695108	-1.344271
0.695952	-1.308916
0.696791	-1.273770
0.697625	-1.238830
0.698456	-1.204095
0.699283	-1.169562
0.700105	-1.135229
0.700924	-1.101093
0.701739	-1.067153
0.702550	-1.033406
0.703357	-0.999850
0.704160	-0.966482
0.704959	-0.933302
0.705754	-0.900306
0.706546	-0.867494
0.707335	-0.834862
0.708119	-0.802409
0.708900	-0.770133
0.709677	-0.738032
0.710451	-0.706104
0.711221	-0.674348
0.711988	-0.642762
0.712752	-0.611344
0.713512	-0.580092
0.714269	-0.549004
0.715022	-0.518079
0.715772	-0.487316
0.716519	-0.456712
0.717262	-0.426266
0.718002	-0.395976
0.718740	-0.365842
0.719474	-0.335860
0.720204	-0.306031
0.720932	-0.276351
0.721657	-0.246821
0.722378	-0.217438
0.723097	-0.188201
0.723813	-0.159109
0.724525	-0.130160
0.725235	-0.101352
0.725942	-0.072686
0.726646	-0.044158
0.727347	-0.015769
0.728045	0.012484
0.728740	0.040602
0.729433	0.068585
0.730123	0.096436
0.730810	0.124155
0.731494	0.151743
0.732176	0.179203
0.732855	0.206534
0.733532	0.233738
0.734205	0.260816
0.734876	0.287769
0.735545	0.314599
0.736211	0.341306
0.736874	0.367892
0.737535	0.394358
0.738194	0.420704
0.738849	0.446931
0.739503	0.473042
0.740154	0.499036
0.740802	0.524914
0.741449	0.550679
0.742092	0.576330
0.742734	0.601868
0.743373	0.627296
0.744009	0.652612
0.744644	0.677819
0.745276	0.702917
0.745906	0.727907
0.746533	0.752791
0.747158	0.777568
0.747781	0.802240
0.748402	0.826808
0.749021	0.851272
0.749637	0.875633
0.750251	0.899893
0.750863	0.924052
0.751473	0.948110
0.752081	0.972068
0.752687	0.995929
0.753291	1.019691
0.753892	1.043356
0.754492	1.066924
0.755089	1.090397
0.755684	1.113775
0.756278	1.137059
0.756869	1.160249
0.757458	1.183346
0.758046	1.206352
0.758631	1.229266
0.759215	1.252089
0.759796	1.274823
0.760376	1.297467
0.760954	1.320022
0.761529	1.342489
0.762103	1.364869
0.762675	1.387162
0.763246	1.409369
0.763814	1.431491
0.764380	1.453528
0.764945	1.475480
0.765508	1.497349
0.766069	1.519135
0.766628	1.540838
0.767186	1.562460
0.767741	1.584000
0.768295	1.605459
0.768847	1.626839
0.769398	1.648138
0.769946	1.669359
0.770494	1.690501
0.771039	1.711566
0.771582	1.732553
0.772124	1.753463
0.772665	1.774296
0.773203	1.795054
0.773740	1.815737
0.774276	1.836345
0.774809	1.856878
0.775341	1.877338
0.775872	1.897725
0.776401	1.918038
0.776928	1.938279
0.777454	1.958449
0.777978	1.978547
0.778500	1.998574
0.779021	2.018531
0.779541	2.038418
0.780058	2.058235
0.780575	2.077983
0.781090	2.097663
0.781603	2.117274
0.782115	2.136818
0.782625	2.156294
0.783134	2.175704
0.783642	2.195047
0.784147	2.214324
0.784652	2.233535
0.785155	2.252681
0.785657	2.271762
0.786157	2.290779
0.786655	2.309732
0.787153	2.328622
0.787649	2.347448
0.788143	2.366211
0.788636	2.384912
0.789128	2.403551
0.789618	2.422128
0.790107	2.440644
0.790595	2.459099
0.791081	2.477493
0.791566	2.495827
0.792049	2.514102
0.792532	2.532317
0.793012	2.550472
0.793492	2.568569
0.793970	2.586608
0.794447	2.604588
0.794923	2.622511
0.795397	2.640376
0.795870	2.658185
0.796342	2.675936
0.796812	2.693631
0.797282	2.711270
0.797749	2.728853
0.798216	2.746381
0.798682	2.763854
0.799146	2.781272
0.799609	2.798635
0.800071	2.815944
0.800531	2.833200
0.800990	2.850401
0.801449	2.867550
0.801905	2.884645
0.802361	2.901688
0.802816	2.918679
0.803269	2.935617
0.803721	2.952503
0.804172	2.969338
0.804622	2.986122
0.805070	3.002855
0.805518	3.019537
0.805964	3.036169
0.806409	3.052750
0.806853	3.069282
0.807296	3.085764
0.807738	3.102197
0.808179	3.118580
0.808618	3.134915
0.809057	-3.131984
0.809494	-3.115746
0.809930	-3.099556
0.810365	-3.083414
0.810799	-3.067319
0.811232	-3.051272
0.811664	-3.035271
0.812095	-3.019318
0.812524	-3.003411
0.812953	-2.987550
0.813380	-2.971735
0.813807	-2.955966
0.814232	-2.940243
0.814657	-2.924565
0.815080	-2.908932
0.815502	-2.893345
0.815923	-2.877801
0.816344	-2.862303
0.816763	-2.846848
0.817181	-2.831437
0.817598	-2.816071
0.818014	-2.800747
0.818429	-2.785468
0.818844	-2.770231
0.819257	-2.755037
0.819669	-2.739886
0.820080	-2.724777
0.820490	-2.709711
0.820899	-2.694687
0.821307	-2.679704
0.821715	-2.664763
0.822121	-2.649864
0.822526	-2.635006
0.822930	-2.620189
0.823334	-2.605413
0.823736	-2.590677
0.824138	-2.575983
0.824538	-2.561328
0.824938	-2.546713
0.825336	-2.532139
0.825734	-2.517604
0.826131	-2.503108
0.826527	-2.488652
0.826922	-2.474235
0.827316	-2.459857
0.827709	-2.445518
0.828101	-2.431217
0.828492	-2.416955
0.828883	-2.402731
0.829272	-2.388545
0.829661	-2.374397
0.830048	-2.360287
0.830435	-2.346214
0.830821	-2.332179
0.831206	-2.318181
0.831590	-2.304220
0.831973	-2.290296
0.832356	-2.276408
0.832737	-2.262557
0.833118	-2.248743
0.833498	-2.234964
0.833877	-2.221222
0.834255	-2.207516
0.834632	-2.193845
0.835009	-2.180210
0.835384	-2.166610
0.835759	-2.153046
0.836133	-2.139517
0.836506	-2.126022
0.836878	-2.112563
0.837249	-2.099138
0.837620	-2.085747
0.837990	-2.072391
0.838359	-2.059070
0.838727	-2.045782
0.839094	-2.032528
0.839461	-2.019308
0.839826	-2.006121
0.840191	-1.992968
0.840555	-1.979849
0.840918	-1.966762
0.841281	-1.953709
0.841643	-1.940688
0.842004	-1.927700
0.842364	-1.914745
0.842723	-1.901823
0.843082	-1.888932
0.843439	-1.876074
0.843796	-1.863248
0.844153	-1.850454
0.844508	-1.837692
0.844863	-1.824962
0.845217	-1.812263
0.845570	-1.799596
0.845922	-1.786959
0.846274	-1.774354
0.846625	-1.761781
0.846975	-1.749238
0.847324	-1.736725
0.847673	-1.724244
0.848021	-1.711793
0.848368	-1.699373
0.848715	-1.686982
0.849060	-1.674622
0.849405	-1.662293
0.849749	-1.649993
0.850093	-1.637722
0.850436	-1.625482
0.850778	-1.613271
0.851119	-1.601090
0.851460	-1.588938
0.851800	-1.576815
0.852139	-1.564722
0.852478	-1.552657
0.852815	-1.540622
0.853152	-1.528615
0.853489	-1.516637
0.853825	-1.504687
0.854160	-1.492766
0.854494	-1.480873
0.854827	-1.469009
0.855160	-1.457172
0.855493	-1.445364
0.855824	-1.433584
0.856155	-1.421831
0.856485	-1.410106
0.856815	-1.398409
0.857143	-1.386739
0.857472	-1.375097
0.857799	-1.363482
0.858126	-1.351894
0.858452	-1.340333
0.858777	-1.328799
0.859102	-1.317293
0.859426	-1.305813
0.859750	-1.294359
0.860073	-1.282933
0.860395	-1.271532
0.860716	-1.260159
0.861037	-1.248811
0.861357	-1.237490
0.861677	-1.226195
0.861996	-1.214926
0.862314	-1.203682
0.862632	-1.192465
0.862949	-1.181273
0.863265	-1.170107
0.863581	-1.158967
0.863896	-1.147852
0.864210	-1.136763
0.864524	-1.125698
0.864837	-1.114659
0.865150	-1.103645
0.865462	-1.092656
0.865773	-1.081692
0.866084	-1.070753
0.866394	-1.059839
0.866704	-1.048949
0.867012	-1.038084
0.867321	-1.027244
0.867628	-1.016427
0.867935	-1.005635
0.868242	-0.994868
0.868548	-0.984124
0.868853	-0.973405
0.869157	-0.962710
0.869461	-0.952038
0.869765	-0.941391
0.870068	-0.930767
0.870370	-0.920167
0.870672	-0.909590
0.870973	-0.899037
0.871273	-0.888507
0.871573	-0.878001
0.871872	-0.867518
0.872171	-0.857058
0.872469	-0.846622
0.872766	-0.836208
0.873063	-0.825817
0.873360	-0.815450
0.873656	-0.805104
0.873951	-0.794782
0.874245	-0.784483
0.874539	-0.774206
0.874833	-0.763951
0.875126	-0.753719
0.875418	-0.743510
0.875710	-0.733322
0.876001	-0.723157
0.876292	-0.713014
0.876582	-0.702894
0.876872	-0.692795
0.877161	-0.682718
0.877449	-0.672663
0.877737	-0.662630
0.878024	-0.652618
0.878311	-0.642628
0.878597	-0.632660
0.878883	-0.622713
0.879168	-0.612788
0.879453	-0.602884
0.879737	-0.593002
0.880020	-0.583141
0.880303	-0.573300
0.880586	-0.563481
0.880868	-0.553684
0.881149	-0.543907
0.881430	-0.534151
0.881710	-0.524416
0.881990	-0.514701
0.882269	-0.505008
0.882548	-0.495335
0.882826	-0.485682
0.883104	-0.476050
0.883381	-0.466439
0.883657	-0.456848
0.883933	-0.447278
0.884209	-0.437727
0.884484	-0.428197
0.884759	-0.418688
0.885033	-0.409198
0.885306	-0.399728
0.885579	-0.390278
0.885851	-0.380849
0.886123	-0.371439
0.886395	-0.362049
0.886666	-0.352678
0.886936	-0.343328
0.887206	-0.333997
0.887475	-0.324685
0.887744	-0.315393
0.888013	-0.306121
0.888281	-0.296868
0.888548	-0.287634
0.888815	-0.278420
0.889081	-0.269224
0.889347	-0.260048
0.889613	-0.250892
0.889878	-0.241754
0.890142	-0.232635
0.890406	-0.223535
0.890669	-0.214454
0.890932	-0.205392
0.891195	-0.196349
0.891457	-0.187324
0.891718	-0.178318
0.891979	-0.169331
0.892240	-0.160362
0.892500	-0.151412
0.892759	-0.142481
0.893018	-0.133567
0.893277	-0.124673
0.893535	-0.115796
0.893793	-0.106938
0.894050	-0.098098
0.894307	-0.089276
0.894563	-0.080472
0.894819	-0.071687
0.895074	-0.062919
0.895329	-0.054169
0.895583	-0.045437
0.895837	-0.036724
0.896090	-0.028027
0.896343	-0.019349
0.896596	-0.010689
0.896848	-0.002046
0.897099	0.006580
0.897350	0.015187
0.897601	0.023778
0.897851	0.032350
0.898101	0.040905
0.898350	0.049443
0.898599	0.057964
0.898847	0.066467
0.899095	0.074953
0.899343	0.083422
0.899590	0.091873
0.899836	0.100308
0.900082	0.108725
0.900328	0.117126
0.900573	0.125509
0.900818	0.133876
0.901062	0.142225
0.901306	0.150558
0.901549	0.158874
0.901792	0.167173
0.902035	0.175456
0.902277	0.183721
0.902519	0.191971
0.902760	0.200203
0.903001	0.208419
0.903241	0.216619
0.903481	0.224802
0.903720	0.232969
0.903959	0.241119
0.904198	0.249253
0.904436	0.257371
0.904674	0.265472
0.904911	0.273557
0.905148	0.281626
0.905384	0.289679
0.905620	0.297716
0.905856	0.305737
0.906091	0.313742
0.906326	0.321731
0.906560	0.329703
0.906794	0.337661
0.907027	0.345602
0.907261	0.353527
0.907493	0.361437
0.907725	0.369331
0.907957	0.377209
0.908189	0.385071
0.908419	0.392918
0.908650	0.400750
0.908880	0.408566
0.909110	0.416366
0.909339	0.424151
0.909568	0.431920
0.909796	0.439674
0.910025	0.447413
0.910252	0.455136
0.910479	0.462845
0.910706	0.470538
0.910933	0.478215
0.911159	0.485878
0.911384	0.493525
0.911610	0.501158
0.911834	0.508775
0.912059	0.516377
0.912283	0.523964
0.912506	0.531537
0.912729	0.539094
0.912952	0.546636
0.913175	0.554164
0.913397	0.561677
0.913618	0.569175
0.913839	0.576658
0.914060	0.584127
0.914281	0.591581
0.914501	0.599020
0.914720	0.606445
0.914939	0.613855
0.915158	0.621251
0.915377	0.628632
0.915595	0.635998
0.915812	0.643351
0.916030	0.650688
0.916247	0.658012
0.916463	0.665321
0.916679	0.672616
0.916895	0.679896
0.917110	0.687162
0.917325	0.694414
0.917540	0.701652
0.917754	0.708876
0.917968	0.716086
0.918181	0.723281
0.918394	0.730463
0.918607	0.737630
0.918819	0.744783
0.919031	0.751923
0.919242	0.759048
0.919454	0.766160
0.919664	0.773258
0.919875	0.780342
0.920085	0.787412
0.920294	0.794468
0.920503	0.801511
0.920712	0.808540
0.920921	0.815555
0.921129	0.822557
0.921337	0.829544
0.921544	0.836519
0.921751	0.843480
0.921958	0.850427
0.922164	0.857360
0.922370	0.864281
0.922575	0.871187
0.922781	0.878081
0.922985	0.884961
0.923190	0.891827
0.923394	0.898680
0.923598	0.905520
0.923801	0.912347
0.924004	0.919160
0.924207	0.925961
0.924409	0.932748
0.924611	0.939521
0.924812	0.946282
0.925013	0.953030
0.925214	0.959764
0.925415	0.966485
0.925615	0.973194
0.925815	0.979889
0.926014	0.986571
0.926213	0.993241
0.926412	0.999897
0.926610	1.006541
0.926808	1.013171
0.927006	1.019789
0.927203	1.026394
0.927400	1.032986
0.927596	1.039566
0.927792	1.046132
0.927988	1.052686
0.928184	1.059227
0.928379	1.065756
0.928574	1.072272
0.928768	1.078775
0.928962	1.085266
0.929156	1.091744
0.929349	1.098210
0.929542	1.104663
0.929735	1.111103
0.929927	1.117532
0.930119	1.123947
0.930311	1.130350
0.930502	1.136741
0.930693	1.143120
0.930884	1.149486
0.931074	1.155840
0.931264	1.162181
0.931454	1.168510
0.931643	1.174827
0.931832	1.181132
0.932021	1.187425
0.932209	1.193705
0.932397	1.199973
0.932585	1.206229
0.932772	1.212473
0.932959	1.218705
0.933145	1.224925
0.933331	1.231133
0.933517	1.237328
0.933703	1.243512
0.933888	1.249684
0.934073	1.255843
0.934258	1.261991
0.934442	1.268127
0.934626	1.274251
0.934809	1.280363
0.934993	1.286464
0.935176	1.292552
0.935358	1.298629
0.935540	1.304694
0.935722	1.310747
0.935904	1.316789
0.936085	1.322818
0.936266	1.328836
0.936447	1.334843
0.936627	1.340838
0.936807	1.346821
0.936987	1.352792
0.937166	1.358752
0.937345	1.364700
0.937523	1.370637
0.937702	1.376563
0.937880	1.382476
0.938058	1.388379
0.938235	1.394269
0.938412	1.400149
0.938589	1.406017
0.938765	1.411873
0.938941	1.417719
0.939117	1.423553
0.939292	1.429375
0.939468	1.435186
0.939642	1.440986
0.939817	1.446775
0.939991	1.452552
0.940165	1.458318
0.940338	1.464073
0.940512	1.469817
0.940685	1.475549
0.940857	1.481271
0.941029	1.486981
0.941201	1.492680
0.941373	1.498368
0.941544	1.504045
0.941715	1.509711
0.941886	1.515365
0.942057	1.521009
0.942227	1.526642
0.942396	1.532264
0.942566	1.537875
0.942735	1.543474
0.942904	1.549063
0.943072	1.554641
0.943241	1.560208
0.943409	1.565765
0.943576	1.571310
0.943743	1.576844
0.943910	1.582368
0.944077	1.587881
0.944244	1.593383
0.944410	1.598874
0.944575	1.604355
0.944741	1.609825
0.944906	1.615284
0.945071	1.620732
0.945235	1.626170
0.945400	1.631597
0.945564	1.637013
0.945727	1.642419
0.945891	1.647814
0.946054	1.653199
0.946216	1.658573
0.946379	1.663936
0.946541	1.669289
0.946703	1.674632
0.946864	1.679963
0.947026	1.685285
0.947187	1.690596
0.947347	1.695896
0.947508	1.701186
0.947668	1.706466
0.947827	1.711735
0.947987	1.716993
0.948146	1.722242
0.948305	1.727480
0.948463	1.732707
0.948622	1.737925
0.948780	1.743132
0.948937	1.748328
0.949095	1.753515
0.949252	1.758691
0.949409	1.763857
0.949565	1.769013
0.949721	1.774158
0.949877	1.779293
0.950033	1.784418
0.950188	1.789533
0.950343	1.794638
0.950498	1.799732
0.950653	1.804817
0.950807	1.809891
0.950961	1.814956
0.951114	1.820010
0.951267	1.825054
0.951420	1.830088
0.951573	1.835112
0.951726	1.840126
0.951878	1.845130
0.952030	1.850124
0.952181	1.855108
0.952333	1.860082
0.952484	1.865046
0.952634	1.870001
0.952785	1.874945
0.952935	1.879879
0.953085	1.884804
0.953234	1.889719
0.953384	1.894623
0.953533	1.899518
0.953681	1.904404
0.953830	1.909279
0.953978	1.914144
0.954126	1.919000
0.954273	1.923846
0.954421	1.928682
0.954568	1.933509
0.954714	1.938326
0.954861	1.943133
0.955007	1.947930
0.955153	1.952717
0.955299	1.957495
0.955444	1.962264
0.955589	1.967022
0.955734	1.971771
0.955878	1.976511
0.956023	1.981241
0.956166	1.985961
0.956310	1.990671
0.956454	1.995373
0.956597	2.000064
0.956739	2.004746
0.956882	2.009419
0.957024	2.014081
0.957166	2.018735
0.957308	2.023379
0.957450	2.028013
0.957591	2.032638
0.957732	2.037254
0.957872	2.041860
0.958013	2.046457
0.958153	2.051044
0.958293	2.055622
0.958432	2.060191
0.958571	2.064750
0.958710	2.069300
0.958849	2.073840
0.958988	2.078371
0.959126	2.082893
0.959264	2.087406
0.959401	2.091909
0.959539	2.096403
0.959676	2.100887
0.959813	2.105363
0.959949	2.109829
0.960085	2.114286
0.960221	2.118733
0.960357	2.123172
0.960493	2.127601
0.960628	2.132021
0.960763	2.136432
0.960898	2.140834
0.961032	2.145227
0.961166	2.149610
0.961300	2.153984
0.961434	2.158350
0.961567	2.162706
0.961700	2.167053
0.961833	2.171391
0.961965	2.175720
0.962098	2.180040
0.962230	2.184351
0.962361	2.188652
0.962493	2.192945
0.962624	2.197229
0.962755	2.201504
0.962886	2.205769
0.963016	2.210026
0.963146	2.214274
0.963276	2.218513
0.963406	2.222743
0.963535	2.226964
0.963664	2.231176
0.963793	2.235379
0.963922	2.239573
0.964050	2.243758
0.964178	2.247935
0.964306	2.252103
0.964434	2.256261
0.964561	2.260411
0.964688	2.264552
0.964815	2.268685
0.964941	2.272808
0.965068	2.276923
0.965194	2.281029
0.965319	2.285126
0.965445	2.289214
0.965570	2.293293
0.965695	2.297364
0.965820	2.301426
0.965944	2.305480
0.966068	2.309524
0.966192	2.313560
0.966316	2.317587
0.966439	2.321606
0.966562	2.325616
0.966685	2.329617
0.966808	2.333610
0.966930	2.337593
0.967053	2.341569
0.967174	2.345535
0.967296	2.349493
0.967417	2.353443
0.967539	2.357383
0.967659	2.361316
0.967780	2.365239
0.967900	2.369154
0.968021	2.373061
0.968140	2.376959
0.968260	2.380848
0.968379	2.384729
0.968498	2.388602
0.968617	2.392466
0.968736	2.396321
0.968854	2.400168
0.968972	2.404006
0.969090	2.407836
0.969208	2.411658
0.969325	2.415471
0.969442	2.419275
0.969559	2.423071
0.969676	2.426859
0.969792	2.430638
0.969908	2.434409
0.970024	2.438172
0.970139	2.441926
0.970255	2.445672
0.970370	2.449409
0.970485	2.453138
0.970599	2.456859
0.970714	2.460571
0.970828	2.464275
0.970942	2.467971
0.971055	2.471658
0.971169	2.475337
0.971282	2.479008
0.971395	2.482670
0.971507	2.486324
0.971619	2.489970
0.971732	2.493608
0.971843	2.497237
0.971955	2.500859
0.972067	2.504471
0.972178	2.508076
0.972289	2.511673
0.972399	2.515261
0.972510	2.518841
0.972620	2.522413
0.972730	2.525977
0.972839	2.529532
0.972949	2.533079
0.973058	2.536619
0.973167	2.540150
0.973276	2.543672
0.973384	2.547187
0.973492	2.550694
0.973600	2.554192
0.973708	2.557683
0.973815	2.561165
0.973923	2.564639
0.974030	2.568105
0.974136	2.571563
0.974243	2.575013
0.974349	2.578455
0.974455	2.581889
0.974561	2.585315
0.974667	2.588733
0.974772	2.592142
0.974877	2.595544
0.974982	2.598938
0.975086	2.602324
0.975191	2.605701
0.975295	2.609071
0.975399	2.612433
0.975502	2.615786
0.975606	2.619132
0.975709	2.622470
0.975812	2.625800
0.975914	2.629122
0.976017	2.632436
0.976119	2.635742
0.976221	2.639040
0.976323	2.642330
0.976424	2.645613
0.976526	2.648887
0.976627	2.652154
0.976727	2.655413
0.976828	2.658663
0.976928	2.661906
0.977028	2.665141
0.977128	2.668368
0.977228	2.671588
0.977327	2.674799
0.977426	2.678003
0.977525	2.681199
0.977624	2.684387
0.977722	2.687567
0.977820	2.690740
0.977918	2.693904
0.978016	2.697061
0.978113	2.700210
0.978211	2.703351
0.978308	2.706485
0.978404	2.709611
0.978501	2.712729
0.978597	2.715839
0.978693	2.718941
0.978789	2.722036
0.978885	2.725123
0.978980	2.728202
0.979075	2.731274
0.979170	2.734338
0.979265	2.737394
0.979359	2.740443
0.979454	2.743484
0.979548	2.746517
0.979641	2.749542
0.979735	2.752560
0.979828	2.755570
0.979921	2.758573
0.980014	2.761567
0.980107	2.764555
0.980199	2.767534
0.980291	2.770506
0.980383	2.773470
0.980475	2.776427
0.980566	2.779376
0.980657	2.782318
0.980748	2.785252
0.980839	2.788178
0.980929	2.791097
0.981020	2.794008
0.981110	2.796911
0.981200	2.799807
0.981289	2.802696
0.981379	2.805577
0.981468	2.808450
0.981557	2.811316
0.981645	2.814174
0.981734	2.817025
0.981822	2.819868
0.981910	2.822704
0.981998	2.825532
0.982085	2.828353
0.982173	2.831166
0.982260	2.833972
0.982347	2.836770
0.982433	2.839561
0.982520	2.842344
0.982606	2.845120
0.982692	2.847888
0.982778	2.850649
0.982863	2.853403
0.982948	2.856149
0.983033	2.858888
0.983118	2.861619
0.983203	2.864342
0.983287	2.867059
0.983371	2.869768
0.983455	2.872469
0.983539	2.875163
0.983622	2.877850
0.983706	2.880529
0.983789	2.883201
0.983871	2.885866
0.983954	2.888523
0.984036	2.891173
0.984118	2.893815
0.984200	2.896450
0.984282	2.899078
0.984364	2.901698
0.984445	2.904311
0.984526	2.906917
0.984607	2.909515
0.984687	2.912106
0.984767	2.914690
0.984848	2.917266
0.984927	2.919836
0.985007	2.922397
0.985087	2.924952
0.985166	2.927499
0.985245	2.930039
0.985324	2.932572
0.985402	2.935097
0.985480	2.937615
0.985559	2.940126
0.985636	2.942629
0.985714	2.945126
0.985792	2.947615
0.985869	2.950096
0.985946	2.952571
0.986023	2.955038
0.986099	2.957498
0.986175	2.959951
0.986252	2.962397
0.986327	2.964835
0.986403	2.967267
0.986479	2.969691
0.986554	2.972107
0.986629	2.974517
0.986704	2.976919
0.986778	2.979315
0.986853	2.981703
0.986927	2.984084
0.987001	2.986457
0.987074	2.988824
0.987148	2.991183
0.987221	2.993535
0.987294	2.995880
0.987367	2.998218
0.987439	3.000549
0.987512	3.002873
0.987584	3.005189
0.987656	3.007499
0.987728	3.009801
0.987799	3.012096
0.987870	3.014384
0.987942	3.016665
0.988012	3.018939
0.988083	3.021205
0.988153	3.023465
0.988224	3.025717
0.988294	3.027963
0.988363	3.030201
0.988433	3.032432
0.988502	3.034656
0.988571	3.036873
0.988640	3.039084
0.988709	3.041286
0.988777	3.043482
0.988846	3.045671
0.988914	3.047853
0.988982	3.050028
0.989049	3.052195
0.989116	3.054356
0.989184	3.056510
0.989251	3.058656
0.989317	3.060796
0.989384	3.062929
0.989450	3.065054
0.989516	3.067173
0.989582	3.069284
0.989648	3.071389
0.989713	3.073486
0.989778	3.075577
0.989843	3.077660
0.989908	3.079737
0.989973	3.081807
0.990037	3.083869
0.990101	3.085925
0.990165	3.087974
0.990229	3.090015
0.990292	3.092050
0.990356	3.094078
0.990419	3.096099
0.990482	3.098113
0.990544	3.100120
0.990607	3.102120
0.990669	3.104113
0.990731	3.106099
0.990793	3.108078
0.990854	3.110050
0.990916	3.112016
0.990977	3.113974
0.991038	3.115925
0.991099	3.117870
0.991159	3.119808
0.991219	3.121739
0.991280	3.123662
0.991339	3.125579
0.991399	3.127490
0.991459	3.129393
0.991518	3.131289
0.991577	3.133178
0.991636	3.135061
0.991694	3.136937
0.991753	3.138806
0.991811	3.140668
0.991869	-3.140663
0.991926	-3.138814
0.991984	-3.136973
0.992041	-3.135139
0.992098	-3.133311
0.992155	-3.131490
0.992212	-3.129676
0.992269	-3.127869
0.992325	-3.126069
0.992381	-3.124275
0.992437	-3.122488
0.992492	-3.120709
0.992548	-3.118936
0.992603	-3.117170
0.992658	-3.115410
0.992713	-3.113658
0.992767	-3.111912
0.992822	-3.110173
0.992876	-3.108441
0.992930	-3.106715
0.992984	-3.104997
0.993037	-3.103285
0.993091	-3.101580
0.993144	-3.099882
0.993197	-3.098191
0.993249	-3.096506
0.993302	-3.094828
0.993354	-3.093157
0.993406	-3.091493
0.993458	-3.089835
0.993510	-3.088184
0.993561	-3.086540
0.993612	-3.084903
0.993663	-3.083273
0.993714	-3.081649
0.993765	-3.080032
0.993815	-3.078422
0.993865	-3.076818
0.993915	-3.075221
0.993965	-3.073631
0.994014	-3.072048
0.994064	-3.070471
0.994113	-3.068902
0.994162	-3.067338
0.994211	-3.065782
0.994259	-3.064232
0.994307	-3.062689
0.994356	-3.061153
0.994403	-3.059624
0.994451	-3.058101
0.994499	-3.056585
0.994546	-3.055075
0.994593	-3.053572
0.994640	-3.052076
0.994686	-3.050587
0.994733	-3.049104
0.994779	-3.047628
0.994825	-3.046159
0.994871	-3.044696
0.994916	-3.043241
0.994962	-3.041791
0.995007	-3.040349
0.995052	-3.038913
0.995097	-3.037484
0.995141	-3.036061
0.995186	-3.034645
0.995230	-3.033236
0.995274	-3.031833
0.995318	-3.030437
0.995361	-3.029048
0.995404	-3.027665
0.995448	-3.026289
0.995490	-3.024920
0.995533	-3.023557
0.995576	-3.022201
0.995618	-3.020852
0.995660	-3.019509
0.995702	-3.018173
0.995744	-3.016843
0.995785	-3.015520
0.995826	-3.014204
0.995867	-3.012895
0.995908	-3.011592
0.995949	-3.010295
0.995989	-3.009005
0.996030	-3.007722
0.996070	-3.006445
0.996109	-3.005175
0.996149	-3.003912
0.996188	-3.002655
0.996228	-3.001405
0.996267	-3.000162
0.996305	-2.998925
0.996344	-2.997694
0.996382	-2.996471
0.996421	-2.995253
0.996459	-2.994043
0.996496	-2.992839
0.996534	-2.991641
0.996571	-2.990451
0.996608	-2.989266
0.996645	-2.988089
0.996682	-2.986917
0.996719	-2.985753
0.996755	-2.984595
0.996791	-2.983444
0.996827	-2.982299
0.996863	-2.981160
0.996898	-2.980029
0.996934	-2.978904
0.996969	-2.977785
0.997004	-2.976673
0.997038	-2.975567
0.997073	-2.974469
0.997107	-2.973376
0.997141	-2.972290
0.997175	-2.971211
0.997209	-2.970138
0.997242	-2.969072
0.997276	-2.968012
0.997309	-2.966959
0.997341	-2.965913
0.997374	-2.964873
0.997407	-2.963839
0.997439	-2.962812
0.997471	-2.961792
0.997503	-2.960778
0.997534	-2.959770
0.997566	-2.958769
0.997597	-2.957775
0.997628	-2.956787
0.997659	-2.955806
0.997690	-2.954831
0.997720	-2.953863
0.997750	-2.952901
0.997780	-2.951946
0.997810	-2.950997
0.997840	-2.950055
0.997869	-2.949119
0.997898	-2.948190
0.997927	-2.947267
0.997956	-2.946351
0.997985	-2.945441
0.998013	-2.944538
0.998041	-2.943641
0.998069	-2.942751
0.998097	-2.941867
0.998125	-2.940990
0.998152	-2.940119
0.998179	-2.939255
0.998206	-2.938397
0.998233	-2.937546
0.998259	-2.936701
0.998286	-2.935862
0.998312	-2.935030
0.998338	-2.934205
0.998364	-2.933386
0.998389	-2.932574
0.998415	-2.931768
0.998440	-2.930968
0.998465	-2.930175
0.998489	-2.929389
0.998514	-2.928609
0.998538	-2.927835
0.998562	-2.927068
0.998586	-2.926307
0.998610	-2.925553
0.998634	-2.924805
0.998657	-2.924064
0.998680	-2.923329
0.998703	-2.922601
0.998726	-2.921879
0.998748	-2.921163
0.998771	-2.920454
0.998793	-2.919752
0.998815	-2.919056
0.998836	-2.918366
0.998858	-2.917683
0.998879	-2.917006
0.998900	-2.916336
0.998921	-2.915672
0.998942	-2.915014
0.998962	-2.914363
0.998983	-2.913719
0.999003	-2.913081
0.999023	-2.912449
0.999043	-2.911824
0.999062	-2.911205
0.999081	-2.910593
0.999100	-2.909987
0.999119	-2.909387
0.999138	-2.908794
0.999157	-2.908208
0.999175	-2.907627
0.999193	-2.907054
0.999211	-2.906486
0.999228	-2.905925
0.999246	-2.905371
0.999263	-2.904823
0.999280	-2.904281
0.999297	-2.903746
0.999314	-2.903217
0.999330	-2.902695
0.999347	-2.902179
0.999363	-2.901670
0.999379	-2.901166
0.999394	-2.900670
0.999410	-2.900180
0.999425	-2.899696
0.999440	-2.899218
0.999455	-2.898747
0.999470	-2.898283
0.999484	-2.897825
0.999498	-2.897373
0.999513	-2.896927
0.999526	-2.896488
0.999540	-2.896056
0.999554	-2.895630
0.999567	-2.895210
0.999580	-2.894797
0.999593	-2.894390
0.999605	-2.893989
0.999618	-2.893595
0.999630	-2.893208
0.999642	-2.892826
0.999654	-2.892452
0.999666	-2.892083
0.999677	-2.891721
0.999689	-2.891365
0.999700	-2.891016
0.999711	-2.890673
0.999721	-2.890337
0.999732	-2.890007
0.999742	-2.889683
0.999752	-2.889366
0.999762	-2.889055
0.999771	-2.888750
0.999781	-2.888452
0.999790	-2.888161
0.999799	-2.887875
0.999808	-2.887596
0.999817	-2.887324
0.999825	-2.887058
0.999834	-2.886798
0.999842	-2.886545
0.999849	-2.886298
0.999857	-2.886057
0.999865	-2.885823
0.999872	-2.885596
0.999879	-2.885374
0.999886	-2.885159
0.999892	-2.884951
0.999899	-2.884748
0.999905	-2.884553
0.999911	-2.884363
0.999917	-2.884180
0.999923	-2.884004
0.999928	-2.883833
0.999933	-2.883670
0.999939	-2.883512
0.999943	-2.883361
0.999948	-2.883216
0.999952	-2.883078
0.999957	-2.882946
0.999961	-2.882821
0.999965	-2.882702
0.999968	-2.882589
0.999972	-2.882482
0.999975	-2.882382
0.999978	-2.882289
0.999981	-2.882202
0.999984	-2.882121
0.999986	-2.882046
0.999988	-2.881978
0.999990	-2.881917
0.999992	-2.881861
0.999994	-2.881812
0.999995	-2.881770
0.999997	-2.881734
0.999998	-2.881704
0.999999	-2.881681
0.999999	-2.881664
1.000000	-2.881653
1.000000	-2.881649
1.000000	-2.881651
1.000000	-2.881659
1.000000	-2.881674
0.999999	-2.881696
0.999998	-2.881723
0.999997	-2.881758
0.999996	-2.881798
0.999995	-2.881845
0.999993	-2.881898
0.999992	-2.881958
0.999990	-2.882024
0.999987	-2.882096
0.999985	-2.882175
0.999983	-2.882260
0.999980	-2.882352
0.999977	-2.882450
0.999974	-2.882554
0.999970	-2.882665
0.999967	-2.882782
0.999963	-2.882905
0.999959	-2.883035
0.999955	-2.883171
0.999951	-2.883314
0.999946	-2.883463
0.999941	-2.883618
0.999936	-2.883780
0.999931	-2.883948
0.999926	-2.884123
0.999920	-2.884304
0.999915	-2.884491
0.999909	-2.884685
0.999903	-2.884885
0.999896	-2.885092
0.999890	-2.885304
0.999883	-2.885524
0.999876	-2.885749
0.999869	-2.885981
0.999862	-2.886220
0.999854	-2.886465
0.999846	-2.886716
0.999838	-2.886974
0.999830	-2.887238
0.999822	-2.887508
0.999813	-2.887785
0.999805	-2.888068
0.999796	-2.888358
0.999786	-2.888654
0.999777	-2.888956
0.999768	-2.889265
0.999758	-2.889580
0.999748	-2.889902
0.999738	-2.890230
0.999727	-2.890564
0.999717	-2.890905
0.999706	-2.891252
0.999695	-2.891606
0.999684	-2.891966
0.999673	-2.892332
0.999661	-2.892705
0.999649	-2.893084
0.999637	-2.893470
0.999625	-2.893862
0.999613	-2.894260
0.999600	-2.894665
0.999588	-2.895076
0.999575	-2.895494
0.999561	-2.895918
0.999548	-2.896348
0.999535	-2.896785
0.999521	-2.897229
0.999507	-2.897678
0.999493	-2.898134
0.999478	-2.898597
0.999464	-2.899066
0.999449	-2.899541
0.999434	-2.900023
0.999419	-2.900511
0.999404	-2.901006
0.999388	-2.901507
0.999372	-2.902014
0.999356	-2.902528
0.999340	-2.903048
0.999324	-2.903575
0.999307	-2.904108
0.999290	-2.904647
0.999273	-2.905193
0.999256	-2.905746
0.999239	-2.906305
0.999221	-2.906870
0.999204	-2.907441
0.999186	-2.908020
0.999167	-2.908604
0.999149	-2.909195
0.999130	-2.909792
0.999112	-2.910396
0.999093	-2.911006
0.999073	-2.911623
0.999054	-2.912246
0.999035	-2.912876
0.999015	-2.913512
0.998995	-2.914154
0.998975	-2.914803
0.998954	-2.915458
0.998934	-2.916120
0.998913	-2.916788
0.998892	-2.917463
0.998871	-2.918144
0.998849	-2.918832
0.998828	-2.919526
0.998806	-2.920226
0.998784	-2.920933
0.998762	-2.921646
0.998739	-2.922366
0.998717	-2.923092
0.998694	-2.923825
0.998671	-2.924564
0.998648	-2.925310
0.998624	-2.926062
0.998601	-2.926821
0.998577	-2.927586
0.998553	-2.928357
0.998528	-2.929135
0.998504	-2.929919
0.998479	-2.930710
0.998455	-2.931508
0.998430	-2.932312
0.998404	-2.933122
0.998379	-2.933939
0.998353	-2.934762
0.998327	-2.935592
0.998301	-2.936428
0.998275	-2.937271
0.998249	-2.938120
0.998222	-2.938975
0.998195	-2.939837
0.998168	-2.940706
0.998141	-2.941581
0.998113	-2.942463
0.998086	-2.943351
0.998058	-2.944246
0.998030	-2.945147
0.998001	-2.946054
0.997973	-2.946968
0.997944	-2.947889
0.997915	-2.948816
0.997886	-2.949750
0.997857	-2.950690
0.997828	-2.951636
0.997798	-2.952589
0.997768	-2.953549
0.997738	-2.954515
0.997708	-2.955488
0.997677	-2.956467
0.997646	-2.957452
0.997615	-2.958445
0.997584	-2.959443
0.997553	-2.960448
0.997522	-2.961460
0.997490	-2.962479
0.997458	-2.963503
0.997426	-2.964535
0.997393	-2.965572
0.997361	-2.966617
0.997328	-2.967668
0.997295	-2.968725
0.997262	-2.969789
0.997229	-2.970860
0.997195	-2.971937
0.997161	-2.973021
0.997127	-2.974111
0.997093	-2.975207
0.997059	-2.976311
0.997024	-2.977420
0.996989	-2.978537
0.996954	-2.979660
0.996919	-2.980789
0.996884	-2.981925
0.996848	-2.983068
0.996812	-2.984217
0.996776	-2.985373
0.996740	-2.986535
0.996704	-2.987704
0.996667	-2.988879
0.996630	-2.990061
0.996593	-2.991250
0.996556	-2.992445
0.996519	-2.993647
0.996481	-2.994855
0.996443	-2.996070
0.996405	-2.997292
0.996367	-2.998520
0.996328	-2.999755
0.996290	-3.000996
0.996251	-3.002244
0.996212	-3.003498
0.996172	-3.004759
0.996133	-3.006027
0.996093	-3.007301
0.996053	-3.008582
0.996013	-3.009870
0.995973	-3.011164
0.995932	-3.012465
0.995892	-3.013772
0.995851	-3.015086
0.995810	-3.016407
0.995768	-3.017734
0.995727	-3.019068
0.995685	-3.020408
0.995643	-3.021755
0.995601	-3.023109
0.995558	-3.024470
0.995516	-3.025837
0.995473	-3.027210
0.995430	-3.028591
0.995387	-3.029978
0.995343	-3.031371
0.995300	-3.032772
0.995256	-3.034178
0.995212	-3.035592
0.995168	-3.037012
0.995123	-3.038439
0.995079	-3.039873
0.995034	-3.041313
0.994989	-3.042760
0.994943	-3.044213
0.994898	-3.045674
0.994852	-3.047141
0.994806	-3.048614
0.994760	-3.050095
0.994714	-3.051582
0.994667	-3.053075
0.994621	-3.054576
0.994574	-3.056083
0.994527	-3.057597
0.994479	-3.059117
0.994432	-3.060644
0.994384	-3.062178
0.994336	-3.063719
0.994288	-3.065266
0.994239	-3.066820
0.994191	-3.068381
0.994142	-3.069948
0.994093	-3.071522
0.994044	-3.073103
0.993994	-3.074691
0.993945	-3.076285
0.993895	-3.077886
0.993845	-3.079494
0.993795	-3.081109
0.993744	-3.082730
0.993693	-3.084358
0.993642	-3.085993
0.993591	-3.087635
0.993540	-3.089283
0.993489	-3.090938
0.993437	-3.092600
0.993385	-3.094269
0.993333	-3.095944
0.993280	-3.097626
0.993228	-3.099315
0.993175	-3.101011
0.993122	-3.102714
0.993069	-3.104423
0.993015	-3.106139
0.992962	-3.107862
0.992908	-3.109592
0.992854	-3.111328
0.992800	-3.113071
0.992745	-3.114821
0.992691	-3.116578
0.992636	-3.118342
0.992581	-3.120113
0.992525	-3.121890
0.992470	-3.123674
0.992414	-3.125465
0.992358	-3.127263
0.992302	-3.129067
0.992246	-3.130879
0.992189	-3.132697
0.992132	-3.134522
0.992075	-3.136354
0.992018	-3.138193
0.991961	-3.140039
0.991903	3.141294
0.991845	3.139434
0.991787	3.137568
0.991729	3.135695
0.991670	3.133815
0.991612	3.131928
0.991553	3.130034
0.991494	3.128133
0.991434	3.126226
0.991375	3.124311
0.991315	3.122390
0.991255	3.120462
0.991195	3.118527
0.991134	3.116585
0.991074	3.114636
0.991013	3.112680
0.990952	3.110717
0.990891	3.108747
0.990829	3.106771
0.990768	3.104787
0.990706	3.102797
0.990644	3.100799
0.990581	3.098795
0.990519	3.096784
0.990456	3.094765
0.990393	3.092740
0.990330	3.090708
0.990267	3.088669
0.990203	3.086623
0.990139	3.084570
0.990075	3.082510
0.990011	3.080443
0.989947	3.078369
0.989882	3.076288
0.989817	3.074200
0.989752	3.072105
0.989687	3.070003
0.989621	3.067895
0.989555	3.065779
0.989489	3.063656
0.989423	3.061526
0.989357	3.059389
0.989290	3.057245
0.989223	3.055094
0.989156	3.052936
0.989089	3.050771
0.989022	3.048599
0.988954	3.046420
0.988886	3.044234
0.988818	3.042040
0.988750	3.039840
0.988681	3.037633
0.988612	3.035418
0.988543	3.033197
0.988474	3.030969
0.988405	3.028733
0.988335	3.026490
0.988265	3.024241
0.988195	3.021984
0.988125	3.019720
0.988054	3.017449
0.987984	3.015171
0.987913	3.012885
0.987841	3.010593
0.987770	3.008294
0.987698	3.005987
0.987627	3.003673
0.987555	3.001352
0.987482	2.999024
0.987410	2.996689
0.987337	2.994347
0.987264	2.991998
0.987191	2.989641
0.987118	2.987277
0.987044	2.984906
0.986970	2.982528
0.986896	2.980143
0.986822	2.977751
0.986748	2.975351
0.986673	2.972944
0.986598	2.970531
0.986523	2.968109
0.986448	2.965681
0.986372	2.963245
0.986297	2.960803
0.986221	2.958353
0.986144	2.955895
0.986068	2.953431
0.985991	2.950959
0.985914	2.948480
0.985837	2.945994
0.985760	2.943501
0.985682	2.941000
0.985605	2.938492
0.985527	2.935977
0.985449	2.933455
0.985370	2.930925
0.985291	2.928388
0.985213	2.925844
0.985133	2.923292
0.985054	2.920733
0.984975	2.918167
0.984895	2.915594
0.984815	2.913013
0.984735	2.910425
0.984654	2.907829
0.984574	2.905226
0.984493	2.902616
0.984412	2.899999
0.984330	2.897374
0.984249	2.894742
0.984167	2.892103
0.984085	2.889456
0.984003	2.886802
0.983920	2.884140
0.983838	2.881471
0.983755	2.878795
0.983672	2.876111
0.983588	2.873420
0.983505	2.870722
0.983421	2.868016
0.983337	2.865303
0.983253	2.862582
0.983168	2.859854
0.983084	2.857118
0.982999	2.854375
0.982914	2.851625
0.982828	2.848867
0.982743	2.846102
0.982657	2.843329
0.982571	2.840549
0.982484	2.837761
0.982398	2.834966
0.982311	2.832163
0.982224	2.829353
0.982137	2.826536
0.982050	2.823711
0.981962	2.820878
0.981874	2.818038
0.981786	2.815190
0.981698	2.812335
0.981609	2.809472
0.981520	2.806602
0.981431	2.803724
0.981342	2.800839
0.981253	2.797946
0.981163	2.795046
0.981073	2.792138
0.980983	2.789222
0.980893	2.786299
0.980802	2.783369
0.980711	2.780430
0.980620	2.777484
0.980529	2.774531
0.980437	2.771570
0.980346	2.768601
0.980254	2.765625
0.980161	2.762641
0.980069	2.759649
0.979976	2.756650
0.979883	2.753643
0.979790	2.750629
0.979697	2.747606
0.979603	2.744576
0.979509	2.741539
0.979415	2.738494
0.979321	2.735441
0.979226	2.732380
0.979132	2.729312
0.979037	2.726236
0.978941	2.723152
0.978846	2.720061
0.978750	2.716962
0.978654	2.713855
0.978558	2.710740
0.978462	2.707618
0.978365	2.704488
0.978268	2.701350
0.978171	2.698204
0.978074	2.695050
0.977976	2.691889
0.977878	2.688720
0.977780	2.685543
0.977682	2.682359
0.977584	2.679166
0.977485	2.675966
0.977386	2.672758
0.977287	2.669542
0.977187	2.666318
0.977087	2.663087
0.976988	2.659847
0.976887	2.656600
0.976787	2.653345
0.976686	2.650081
0.976585	2.646810
0.976484	2.643532
0.976383	2.640245
0.976281	2.636950
0.976180	2.633648
0.976078	2.630337
0.975975	2.627019
0.975873	2.623692
0.975770	2.620358
0.975667	2.617016
0.975564	2.613666
0.975460	2.610307
0.975356	2.606941
0.975252	2.603567
0.975148	2.600185
0.975044	2.596795
0.974939	2.593397
0.974834	2.589991
0.974729	2.586576
0.974624	2.583154
0.974518	2.579724
0.974412	2.576286
0.974306	2.572839
0.974200	2.569385
0.974093	2.565922
0.973986	2.562452
0.973879	2.558973
0.973772	2.555486
0.973664	2.551992
0.973556	2.548489
0.973448	2.544978
0.973340	2.541458
0.973231	2.537931
0.973123	2.534396
0.973013	2.530852
0.972904	2.527300
0.972795	2.523740
0.972685	2.520172
0.972575	2.516596
0.972465	2.513011
0.972354	2.509419
0.972243	2.505818
0.972132	2.502209
0.972021	2.498591
0.971910	2.494966
0.971798	2.491332
0.971686	2.487690
0.971574	2.484039
0.971461	2.480381
0.971349	2.476714
0.971236	2.473038
0.971122	2.469355
0.971009	2.465663
0.970895	2.461963
0.970781	2.458255
0.970667	2.454538
0.970553	2.450813
0.970438	2.447079
0.970323	2.443337
0.970208	2.439587
0.970092	2.435828
0.969977	2.432061
0.969861	2.428286
0.969745	2.424502
0.969628	2.420710
0.969511	2.416910
0.969395	2.413100
0.969277	2.409283
0.969160	2.405457
0.969042	2.401623
0.968924	2.397780
0.968806	2.393928
0.968688	2.390068
0.968569	2.386200
0.968450	2.382323
0.968331	2.378438
0.968211	2.374544
0.968092	2.370642
0.967972	2.366730
0.967851	2.362811
0.967731	2.358883
0.967610	2.354946
0.967489	2.351001
0.967368	2.347047
0.967247	2.343084
0.967125	2.339113
0.967003	2.335133
0.966881	2.331145
0.966758	2.327148
0.966635	2.323142
0.966512	2.319128
0.966389	2.315105
0.966266	2.311073
0.966142	2.307033
0.966018	2.302984
0.965893	2.298926
0.965769	2.294859
0.965644	2.290784
0.965519	2.286700
0.965394	2.282607
0.965268	2.278505
0.965142	2.274395
0.965016	2.270276
0.964890	2.266148
0.964763	2.262011
0.964636	2.257866
0.964509	2.253711
0.964382	2.249548
0.964254	2.245376
0.964126	2.241195
0.963998	2.237005
0.963870	2.232806
0.963741	2.228598
0.963612	2.224381
0.963483	2.220156
0.963353	2.215922
0.963223	2.211678
0.963093	2.207426
0.962963	2.203164
0.962833	2.198894
0.962702	2.194615
0.962571	2.190327
0.962439	2.186029
0.962308	2.181723
0.962176	2.177408
0.962044	2.173083
0.961911	2.168750
0.961779	2.164407
0.961646	2.160056
0.961513	2.155695
0.961379	2.151325
0.961246	2.146946
0.961112	2.142558
0.960977	2.138161
0.960843	2.133754
0.960708	2.129339
0.960573	2.124914
0.960438	2.120480
0.960302	2.116037
0.960166	2.111585
0.960030	2.107124
0.959894	2.102653
0.959757	2.098173
0.959620	2.093684
0.959483	2.089185
0.959345	2.084677
0.959208	2.080160
0.959070	2.075634
0.958931	2.071098
0.958793	2.066553
0.958654	2.061998
0.958515	2.057435
0.958375	2.052862
0.958236	2.048279
0.958096	2.043687
0.957956	2.039086
0.957815	2.034475
0.957674	2.029855
0.957533	2.025225
0.957392	2.020586
0.957250	2.015937
0.957109	2.011279
0.956966	2.006612
0.956824	2.001935
0.956681	1.997248
0.956538	1.992552
0.956395	1.987846
0.956252	1.983131
0.956108	1.978406
0.955964	1.973672
0.955819	1.968928
0.955675	1.964174
0.955530	1.959411
0.955385	1.954638
0.955239	1.949855
0.955094	1.945063
0.954948	1.940261
0.954801	1.935449
0.954655	1.930628
0.954508	1.925797
0.954361	1.920956
0.954213	1.916105
0.954066	1.911245
0.953918	1.906375
0.953769	1.901494
0.953621	1.896605
0.953472	1.891705
0.953323	1.886795
0.953173	1.881876
0.953024	1.876947
0.952874	1.872008
0.952723	1.867059
0.952573	1.862100
0.952422	1.857131
0.952271	1.852152
0.952120	1.847163
0.951968	1.842165
0.951816	1.837156
0.951664	1.832137
0.951511	1.827108
0.951358	1.822070
0.951205	1.817021
0.951052	1.811962
0.950898	1.806893
0.950744	1.801814
0.950590	1.796725
0.950435	1.791625
0.950280	1.786516
0.950125	1.781396
0.949970	1.776266
0.949814	1.771126
0.949658	1.765976
0.949501	1.760816
0.949345	1.755645
0.949188	1.750464
0.949031	1.745273
0.948873	1.740072
0.948715	1.734860
0.948557	1.729638
0.948399	1.724405
0.948240	1.719163
0.948081	1.713909
0.947922	1.708646
0.947762	1.703372
0.947603	1.698088
0.947442	1.692793
0.947282	1.687488
0.947121	1.682172
0.946960	1.676846
0.946799	1.671509
0.946637	1.666162
0.946475	1.660805
0.946313	1.655436
0.946150	1.650057
0.945987	1.644668
0.945824	1.639268
0.945661	1.633858
0.945497	1.628436
0.945333	1.623004
0.945168	1.617562
0.945004	1.612109
0.944839	1.606645
0.944674	1.601170
0.944508	1.595685
0.944342	1.590188
0.944176	1.584682
0.944009	1.579164
0.943842	1.573635
0.943675	1.568096
0.943508	1.562546
0.943340	1.556985
0.943172	1.551413
0.943004	1.545830
0.942835	1.540236
0.942666	1.534631
0.942497	1.529016
0.942327	1.523389
0.942157	1.517751
0.941987	1.512103
0.941817	1.506443
0.941646	1.500772
0.941475	1.495090
0.941303	1.489398
0.941131	1.483694
0.940959	1.477978
0.940787	1.472252
0.940614	1.466515
0.940441	1.460766
0.940268	1.455006
0.940094	1.449235
0.939920	1.443453
0.939746	1.437659
0.939571	1.431855
0.939396	1.426038
0.939221	1.420211
0.939045	1.414372
0.938869	1.408522
0.938693	1.402660
0.938517	1.396787
0.938340	1.390903
0.938163	1.385007
0.937985	1.379100
0.937807	1.373181
0.937629	1.367251
0.937451	1.361309
0.937272	1.355356
0.937093	1.349391
0.936913	1.343414
0.936734	1.337426
0.936554	1.331426
0.936373	1.325415
0.936192	1.319392
0.936011	1.313357
0.935830	1.307311
0.935648	1.301252
0.935466	1.295182
0.935284	1.289101
0.935101	1.283007
0.934918	1.276902
0.934735	1.270785
0.934551	1.264655
0.934367	1.258514
0.934183	1.252362
0.933998	1.246197
0.933813	1.240020
0.933627	1.233831
0.933442	1.227630
0.933256	1.221417
0.933069	1.215193
0.932883	1.208956
0.932696	1.202707
0.932508	1.196445
0.932320	1.190172
0.932132	1.183887
0.931944	1.177589
0.931755	1.171279
0.931566	1.164957
0.931377	1.158623
0.931187	1.152276
0.930997	1.145917
0.930806	1.139546
0.930616	1.133162
0.930425	1.126766
0.930233	1.120358
0.930041	1.113937
0.929849	1.107504
0.929657	1.101058
0.929464	1.094600
0.929271	1.088129
0.929077	1.081645
0.928883	1.075149
0.928689	1.068641
0.928494	1.062120
0.928299	1.055586
0.928104	1.049040
0.927908	1.042480
0.927713	1.035908
0.927516	1.029324
0.927319	1.022726
0.927122	1.016116
0.926925	1.009493
0.926727	1.002857
0.926529	0.996208
0.926331	0.989547
0.926132	0.982872
0.925933	0.976184
0.925733	0.969484
0.925533	0.962770
0.925333	0.956043
0.925133	0.949304
0.924932	0.942551
0.924730	0.935785
0.924529	0.929006
0.924327	0.922213
0.924124	0.915408
0.923921	0.908589
0.923718	0.901757
0.923515	0.894912
0.923311	0.888053
0.923107	0.881181
0.922902	0.874296
0.922697	0.867397
0.922492	0.860485
0.922286	0.853560
0.922080	0.846621
0.921874	0.839668
0.921667	0.832702
0.921460	0.825722
0.921252	0.818729
0.921044	0.811722
0.920836	0.804701
0.920627	0.797667
0.920418	0.790619
0.920209	0.783557
0.919999	0.776481
0.919789	0.769392
0.919578	0.762288
0.919368	0.755171
0.919156	0.748040
0.918945	0.740895
0.918733	0.733736
0.918520	0.726563
0.918307	0.719377
0.918094	0.712175
0.917881	0.704960
0.917667	0.697731
0.917452	0.690488
0.917238	0.683230
0.917023	0.675958
0.916807	0.668672
0.916591	0.661372
0.916375	0.654057
0.916158	0.646728
0.915941	0.639385
0.915724	0.632027
0.915506	0.624655
0.915288	0.617268
0.915069	0.609867
0.914850	0.602451
0.914631	0.595021
0.914411	0.587576
0.914191	0.580116
0.913970	0.572642
0.913749	0.565153
0.913528	0.557649
0.913306	0.550130
0.913084	0.542597
0.912862	0.535049
0.912639	0.527486
0.912415	0.519908
0.912191	0.512315
0.911967	0.504707
0.911743	0.497084
0.911518	0.489446
0.911292	0.481793
0.911067	0.474124
0.910840	0.466441
0.910614	0.458742
0.910387	0.451028
0.910160	0.443299
0.909932	0.435554
0.909703	0.427794
0.909475	0.420019
0.909246	0.412228
0.909016	0.404422
0.908786	0.396601
0.908556	0.388763
0.908325	0.380911
0.908094	0.373042
0.907863	0.365158
0.907631	0.357258
0.907398	0.349343
0.907166	0.341411
0.906932	0.333464
0.906699	0.325501
0.906465	0.317522
0.906230	0.309527
0.905995	0.301517
0.905760	0.293490
0.905524	0.285447
0.905288	0.277388
0.905051	0.269313
0.904814	0.261222
0.904577	0.253114
0.904339	0.244991
0.904101	0.236851
0.903862	0.228694
0.903623	0.220521
0.903383	0.212332
0.903143	0.204127
0.902902	0.195904
0.902662	0.187666
0.902420	0.179410
0.902178	0.171139
0.901936	0.162850
0.901693	0.154545
0.901450	0.146223
0.901207	0.137884
0.900963	0.129528
0.900718	0.121155
0.900473	0.112765
0.900228	0.104359
0.899982	0.095935
0.899736	0.087495
0.899489	0.079037
0.899242	0.070562
0.898994	0.062069
0.898746	0.053560
0.898498	0.045033
0.898249	0.036489
0.897999	0.027927
0.897749	0.019348
0.897499	0.010752
0.897248	0.002138
0.896997	-0.006494
0.896745	-0.015143
0.896493	-0.023810
0.896240	-0.032495
0.895987	-0.041197
0.895733	-0.049917
0.895479	-0.058656
0.895225	-0.067412
0.894970	-0.076186
0.894714	-0.084978
0.894458	-0.093788
0.894202	-0.102617
0.893945	-0.111463
0.893688	-0.120328
0.893430	-0.129211
0.893172	-0.138112
0.892913	-0.147032
0.892654	-0.155970
0.892394	-0.164927
0.892134	-0.173902
0.891873	-0.182896
0.891612	-0.191909
0.891350	-0.200940
0.891088	-0.209990
0.890825	-0.219058
0.890562	-0.228146
0.890298	-0.237253
0.890034	-0.246378
0.889770	-0.255523
0.889505	-0.264686
0.889239	-0.273869
0.888973	-0.283071
0.888706	-0.292292
0.888439	-0.301533
0.888172	-0.310792
0.887903	-0.320072
0.887635	-0.329370
0.887366	-0.338689
0.887096	-0.348027
0.886826	-0.357384
0.886555	-0.366761
0.886284	-0.376158
0.886013	-0.385575
0.885740	-0.395012
0.885468	-0.404468
0.885195	-0.413945
0.884921	-0.423442
0.884647	-0.432959
0.884372	-0.442496
0.884097	-0.452053
0.883821	-0.461630
0.883545	-0.471228
0.883268	-0.480847
0.882991	-0.490486
0.882713	-0.500145
0.882434	-0.509825
0.882155	-0.519526
0.881876	-0.529247
0.881596	-0.538990
0.881316	-0.548753
0.881034	-0.558537
0.880753	-0.568342
0.880471	-0.578168
0.880188	-0.588016
0.879905	-0.597884
0.879621	-0.607774
0.879337	-0.617685
0.879052	-0.627618
0.878767	-0.637572
0.878481	-0.647547
0.878194	-0.657544
0.877907	-0.667563
0.877620	-0.677604
0.877332	-0.687666
0.877043	-0.697751
0.876754	-0.707857
0.876464	-0.717985
0.876174	-0.728136
0.875883	-0.738308
0.875591	-0.748503
0.875299	-0.758720
0.875007	-0.768960
0.874713	-0.779222
0.874420	-0.789506
0.874125	-0.799813
0.873831	-0.810143
0.873535	-0.820496
0.873239	-0.830871
0.872942	-0.841270
0.872645	-0.851691
0.872348	-0.862135
0.872049	-0.872603
0.871750	-0.883094
0.871451	-0.893608
0.871151	-0.904145
0.870850	-0.914706
0.870549	-0.925290
0.870247	-0.935899
0.869944	-0.946530
0.869641	-0.957186
0.869338	-0.967865
0.869033	-0.978568
0.868729	-0.989296
0.868423	-1.000047
0.868117	-1.010823
0.867810	-1.021623
0.867503	-1.032447
0.867195	-1.043296
0.866887	-1.054169
0.866578	-1.065067
0.866268	-1.075989
0.865958	-1.086937
0.865647	-1.097909
0.865335	-1.108906
0.865023	-1.119928
0.864710	-1.130975
0.864397	-1.142048
0.864082	-1.153146
0.863768	-1.164269
0.863452	-1.175418
0.863136	-1.186592
0.862820	-1.197792
0.862503	-1.209018
0.862185	-1.220269
0.861866	-1.231547
0.861547	-1.242851
0.861227	-1.254181
0.860907	-1.265537
0.860585	-1.276919
0.860264	-1.288328
0.859941	-1.299763
0.859618	-1.311225
0.859294	-1.322714
0.858970	-1.334229
0.858645	-1.345772
0.858319	-1.357341
0.857993	-1.368938
0.857666	-1.380562
0.857338	-1.392213
0.857010	-1.403891
0.856680	-1.415597
0.856351	-1.427331
0.856020	-1.439093
0.855689	-1.450882
0.855357	-1.462699
0.855025	-1.474545
0.854692	-1.486418
0.854358	-1.498320
0.854023	-1.510250
0.853688	-1.522209
0.853352	-1.534196
0.853015	-1.546212
0.852678	-1.558257
0.852340	-1.570331
0.852001	-1.582434
0.851661	-1.594566
0.851321	-1.606727
0.850980	-1.618918
0.850639	-1.631138
0.850296	-1.643388
0.849953	-1.655667
0.849609	-1.667977
0.849265	-1.680316
0.848920	-1.692686
0.848574	-1.705086
0.848227	-1.717516
0.847879	-1.729976
0.847531	-1.742467
0.847182	-1.754989
0.846832	-1.767542
0.846482	-1.780126
0.846131	-1.792740
0.845779	-1.805386
0.845426	-1.818064
0.845073	-1.830772
0.844718	-1.843513
0.844363	-1.856285
0.844008	-1.869089
0.843651	-1.881925
0.843294	-1.894793
0.842936	-1.907693
0.842577	-1.920626
0.842217	-1.933591
0.841857	-1.946590
0.841495	-1.959620
0.841133	-1.972684
0.840771	-1.985781
0.840407	-1.998911
0.840043	-2.012074
0.839677	-2.025271
0.839311	-2.038502
0.838945	-2.051766
0.838577	-2.065065
0.838208	-2.078397
0.837839	-2.091764
0.837469	-2.105165
0.837098	-2.118600
0.836727	-2.132071
0.836354	-2.145576
0.835981	-2.159116
0.835606	-2.172691
0.835231	-2.186302
0.834855	-2.199948
0.834479	-2.213630
0.834101	-2.227347
0.833723	-2.241100
0.833343	-2.254890
0.832963	-2.268716
0.832582	-2.282578
0.832200	-2.296476
0.831817	-2.310412
0.831434	-2.324384
0.831049	-2.338394
0.830664	-2.352441
0.830278	-2.366525
0.829891	-2.380647
0.829502	-2.394806
0.829114	-2.409004
0.828724	-2.423239
0.828333	-2.437513
0.827941	-2.451825
0.827549	-2.466177
0.827155	-2.480566
0.826761	-2.494995
0.826366	-2.509463
0.825969	-2.523971
0.825572	-2.538518
0.825174	-2.553105
0.824775	-2.567731
0.824375	-2.582398
0.823974	-2.597106
0.823572	-2.611853
0.823170	-2.626642
0.822766	-2.641471
0.822361	-2.656342
0.821955	-2.671253
0.821549	-2.686207
0.821141	-2.701202
0.820733	-2.716239
0.820323	-2.731318
0.819913	-2.746439
0.819501	-2.761603
0.819088	-2.776810
0.818675	-2.792060
0.818260	-2.807353
0.817845	-2.822689
0.817428	-2.838069
0.817011	-2.853493
0.816592	-2.868960
0.816173	-2.884472
0.815752	-2.900029
0.815330	-2.915630
0.814908	-2.931276
0.814484	-2.946968
0.814059	-2.962705
0.813633	-2.978487
0.813206	-2.994316
0.812778	-3.010190
0.812349	-3.026111
0.811919	-3.042079
0.811488	-3.058093
0.811056	-3.074155
0.810622	-3.090263
0.810188	-3.106420
0.809752	-3.122624
0.809316	-3.138876
0.808878	3.128008
0.808439	3.111659
0.807999	3.095261
0.807558	3.078814
0.807116	3.062317
0.806673	3.045770
0.806228	3.029174
0.805783	3.012528
0.805336	2.995831
0.804888	2.979083
0.804439	2.962284
0.803988	2.945434
0.803537	2.928532
0.803084	2.911578
0.802631	2.894573
0.802176	2.877514
0.801719	2.860403
0.801262	2.843239
0.800803	2.826022
0.800344	2.808751
0.799883	2.791426
0.799420	2.774046
0.798957	2.756612
0.798492	2.739124
0.798026	2.721580
0.797559	2.703980
0.797091	2.686325
0.796621	2.668613
0.796150	2.650845
0.795678	2.633020
0.795204	2.615138
0.794729	2.597199
0.794253	2.579201
0.793776	2.561146
0.793297	2.543032
0.792817	2.524859
0.792335	2.506627
0.791853	2.488335
0.791368	2.469983
0.790883	2.451571
0.790396	2.433099
0.789908	2.414565
0.789419	2.395970
0.788928	2.377313
0.788435	2.358595
0.787942	2.339813
0.787447	2.320969
0.786950	2.302061
0.786452	2.283090
0.785953	2.264054
0.785452	2.244954
0.784950	2.225789
0.784447	2.206559
0.783942	2.187263
0.783435	2.167901
0.782927	2.148472
0.782418	2.128977
0.781907	2.109414
0.781394	2.089783
0.780880	2.070083
0.780365	2.050315
0.779848	2.030478
0.779329	2.010571
0.778809	1.990594
0.778287	1.970547
0.777764	1.950429
0.777240	1.930239
0.776713	1.909977
0.776185	1.889642
0.775656	1.869235
0.775125	1.848754
0.774592	1.828199
0.774058	1.807570
0.773522	1.786866
0.772984	1.766087
0.772445	1.745232
0.771904	1.724300
0.771361	1.703291
0.770817	1.682204
0.770271	1.661040
0.769723	1.639797
0.769174	1.618474
0.768623	1.597072
0.768070	1.575590
0.767515	1.554027
0.766959	1.532382
0.766400	1.510656
0.765840	1.488846
0.765279	1.466954
0.764715	1.444978
0.764150	1.422917
0.763583	1.400772
0.763013	1.378540
0.762443	1.356223
0.761870	1.333818
0.761295	1.311326
0.760719	1.288746
0.760140	1.266077
0.759560	1.243318
0.758977	1.220470
0.758393	1.197530
0.757807	1.174499
0.757219	1.151375
0.756628	1.128159
0.756036	1.104849
0.755442	1.081444
0.754846	1.057945
0.754248	1.034349
0.753647	1.010657
0.753045	0.986868
0.752440	0.962980
0.751834	0.938994
0.751225	0.914908
0.750614	0.890721
0.750001	0.866433
0.749386	0.842044
0.748769	0.817551
0.748150	0.792954
0.747528	0.768253
0.746904	0.743446
0.746278	0.718533
0.745649	0.693513
0.745019	0.668385
0.744386	0.643148
0.743750	0.617801
0.743113	0.592343
0.742473	0.566773
0.741830	0.541091
0.741186	0.515295
0.740539	0.489384
0.739889	0.463358
0.739237	0.437216
0.738583	0.410956
0.737926	0.384577
0.737266	0.358078
0.736604	0.331459
0.735940	0.304718
0.735273	0.277855
0.734603	0.250867
0.733931	0.223754
0.733256	0.196516
0.732579	0.169149
0.731899	0.141655
0.731216	0.114031
0.730530	0.086276
0.729842	0.058389
0.729151	0.030369
0.728458	0.002215
0.727761	-0.026075
0.727062	-0.054502
0.726359	-0.083068
0.725654	-0.111773
0.724946	-0.140618
0.724235	-0.169606
0.723522	-0.198738
0.722805	-0.228014
0.722085	-0.257437
0.721362	-0.287008
0.720636	-0.316728
0.719907	-0.346598
0.719175	-0.376621
0.718440	-0.406798
0.717701	-0.437129
0.716960	-0.467618
0.716215	-0.498265
0.715467	-0.529072
0.714715	-0.560040
0.713961	-0.591172
0.713203	-0.622469
0.712441	-0.653932
0.711676	-0.685564
0.710908	-0.717366
0.710136	-0.749340
0.709361	-0.781488
0.708582	-0.813811
0.707800	-0.846312
0.707014	-0.878992
0.706224	-0.911853
0.705431	-0.944898
0.704634	-0.978129
0.703833	-1.011546
0.703028	-1.045153
0.702220	-1.078952
0.701407	-1.112944
0.700591	-1.147132
0.699771	-1.181518
0.698947	-1.216105
0.698118	-1.250894
0.697286	-1.285888
0.696449	-1.321089
0.695609	-1.356501
0.694764	-1.392124
0.693915	-1.427962
0.693061	-1.464018
0.692203	-1.500293
0.691341	-1.536791
0.690474	-1.573513
0.689603	-1.610464
0.688727	-1.647646
0.687846	-1.685061
0.686961	-1.722712
0.686072	-1.760603
0.685177	-1.798737
0.684277	-1.837115
0.683373	-1.875742
0.682464	-1.914621
0.681549	-1.953755
0.680630	-1.993148
0.679706	-2.032801
0.678776	-2.072720
0.677841	-2.112908
0.676901	-2.153368
0.675955	-2.194103
0.675004	-2.235118
0.674047	-2.276416
0.673085	-2.318002
0.672117	-2.359878
0.671143	-2.402050
0.670164	-2.444521
0.669178	-2.487296
0.668187	-2.530378
0.667190	-2.573772
0.666186	-2.617483
0.665176	-2.661516
0.664160	-2.705874
0.663138	-2.750563
0.662109	-2.795587
0.661073	-2.840952
0.660031	-2.886663
0.658982	-2.932725
0.657926	-2.979142
0.656864	-3.025922
0.655794	-3.073069
0.654717	-3.120588
0.653633	3.114698
0.652541	3.066415
0.651442	3.017740
0.650335	2.968668
0.649221	2.919192
0.648099	2.869306
0.646969	2.819003
0.645830	2.768275
0.644684	2.717117
0.643529	2.665520
0.642366	2.613477
0.641194	2.560981
0.640013	2.508023
0.638824	2.454595
0.637625	2.400690
0.636417	2.346298
0.635200	2.291412
0.633973	2.236021
0.632737	2.180117
0.631490	2.123690
0.630234	2.066731
0.628967	2.009230
0.627690	1.951176
0.626403	1.892558
0.625104	1.833366
0.623795	1.773589
0.622474	1.713215
0.621142	1.652232
0.619799	1.590628
0.618443	1.528390
0.617075	1.465505
0.615695	1.401961
0.614303	1.337742
0.612897	1.272835
0.611479	1.207226
0.610046	1.140898
0.608601	1.073837
0.607141	1.006026
0.605667	0.937448
0.604178	0.868086
0.602675	0.797922
0.601156	0.726938
0.599621	0.655114
0.598071	0.582432
0.596504	0.508869
0.594920	0.434405
0.593319	0.359019
0.591701	0.282686
0.590064	0.205383
0.588410	0.127087
0.586736	0.047770
0.585042	-0.032592
0.583329	-0.114029
0.581596	-0.196568
0.579841	-0.280239
0.578064	-0.365074
0.576266	-0.451104
0.574444	-0.538363
0.572599	-0.626887
0.570730	-0.716711
0.568836	-0.807875
0.566916	-0.900417
0.564970	-0.994380
0.562996	-1.089807
0.560995	-1.186743
0.558964	-1.285237
0.556903	-1.385338
0.554811	-1.487098
0.552687	-1.590572
0.550529	-1.695818
0.548337	-1.802897
0.546110	-1.911872
0.543845	-2.022809
0.541542	-2.135780
0.539199	-2.250859
0.536814	-2.368123
0.534386	-2.487656
0.531913	-2.609545
0.529393	-2.733882
0.526824	-2.860766
0.524204	-2.990299
0.521530	-3.122591
0.518800	3.025425
0.516012	2.887255
0.513161	2.745953
0.510246	2.601377
0.507262	2.453379
0.504207	2.301796
0.501075	2.146459
0.497863	1.987183
0.494566	1.823772
0.491178	1.656014
0.487694	1.483683
0.484108	1.306534
0.480412	1.124304
0.476598	0.936709
0.472658	0.743441
0.468582	0.544169
0.464360	0.338532
0.459977	0.126140
0.455421	-0.093432
0.450675	-0.320643
0.445720	-0.555994
0.440534	-0.800030
0.435091	-1.053340
0.429362	-1.316565
0.423310	-1.590396
0.416890	-1.875578
0.410048	-2.172901
0.402716	-2.483198
0.394808	-2.807323
0.386211	3.137068
0.376771	2.782843
0.366278	2.412616
0.354424	2.026221
0.340732	1.624292
0.324402	1.209049
0.303913	0.786021
0.275692	0.368625
0.226235	-0.002000
