101,117,1
102,115,2
107,128,3
97,122,4
97,124,5
97,126,6
106,109,7
96,113,8
97,111,9
102,106,10
104,105,11
111,105,12
114,106,13
118,109,14
118,108,15
121,113,16
123,117,17
123,130,18
122,134,19
122,135,20
114,144,21
110,147,22
105,148,23
103,149,24
94,148,25
87,144,26
84,141,27
79,135,28
77,130,29
75,121,30
74,116,31
77,103,32
78,100,33
81,94,34
89,86,35
94,83,36
106,80,37
113,80,38
124,84,39
127,86,40
136,95,41
142,106,42
143,107,43
145,127,44
145,130,45
142,143,46
140,148,47
127,164,48
124,167,49
112,172,50
104,174,51
89,172,52
80,168,53
78,167,54
67,157,55
61,149,56
55,133,57
53,123,58
53,111,59
55,99,60
61,84,61
61,83,62
79,64,63
93,57,64
102,55,65
108,54,66
120,56,67
140,66,68
149,74,69
160,92,70
162,96,71
167,118,72
167,127,73
164,147,74
160,158,75
149,175,76
143,182,77
136,188,78
112,198,79
100,199,80
90,198,81
75,193,82
62,185,83
47,169,84
39,155,85
33,135,86
31,113,87
32,102,88
42,72,89
51,58,90
57,51,91
64,45,92
90,32,93
99,30,94
126,32,95
133,34,96
148,42,97
169,62,98
181,84,99
183,89,100
187,104,101
189,125,102
187,146,103
175,178,104
156,202,105
146,210,106
136,216,107
123,221,108
101,224,109
87,223,110
54,209,111
50,206,112
26,179,113
14,150,114
11,137,115
11,97,116
15,79,117
17,73,118
26,54,119
43,32,120
61,18,121
77,10,122
95,5,123
136,9,124
144,12,125
167,26,126
186,47,127
102,122,128
110,117,129
100,125,130
108,114,131
103,113,132
99,128,133
114,121,134
115,121,135
116,123,136
115,128,137
114,131,138
111,136,139
109,137,140
100,139,141
101,140,142
93,137,143
90,135,144
85,127,145
84,125,146
83,121,147
83,114,148
85,106,149
87,102,150
89,98,151
99,91,152
96,92,153
112,90,154
110,89,155
119,92,156
128,99,157
129,100,158
135,111,159
137,121,160
137,127,161
136,134,162
133,143,163
126,153,164
124,155,165
116,161,166
110,163,167
99,164,168
87,161,169
82,159,170
73,150,171
68,143,172
63,131,173
63,132,174
62,107,175
64,98,176
67,91,177
73,82,178
76,78,179
92,67,180
101,65,181
108,64,182
118,65,183
139,77,184
143,81,185
145,83,186
155,101,187
158,117,188
159,127,189
155,147,190
149,160,191
143,169,192
139,174,193
131,180,194
116,187,195
110,189,196
81,185,197
80,185,198
69,179,199
52,161,200
45,147,201
40,127,202
40,108,203
42,96,204
44,88,205
55,67,206
63,58,207
78,47,208
86,43,209
110,39,210
119,40,211
137,46,212
152,57,213
164,70,214
166,73,215
178,102,216
180,117,217
180,135,218
176,155,219
162,182,220
166,177,221
138,204,222
126,210,223
108,214,224
113,214,225
64,204,226
67,206,227
49,193,228
30,168,229
28,164,230
18,126,231
18,110,232
20,93,233
32,61,234
37,53,235
45,43,236
67,25,237
86,17,238
105,14,239
116,14,240
154,28,241
157,30,242
187,65,243
183,57,244
201,107,245
202,116,246
201,142,247
191,177,248
181,195,249
170,209,250
149,226,251
122,237,252
118,238,253
92,239,254
105,120,255
108,123,256
108,126,257
107,130,258
97,118,259
98,114,260
100,111,261
98,130,262
94,126,263
93,125,264
91,119,265
91,113,266
93,108,267
95,105,268
95,104,269
102,100,270
110,99,271
114,100,272
115,100,273
121,104,274
126,112,275
126,111,276
128,127,277
129,126,278
128,133,279
123,143,280
120,146,281
115,151,282
110,153,283
103,155,284
94,154,285
89,152,286
82,147,287
78,143,288
72,132,289
71,128,290
70,111,291
70,110,292
73,98,293
75,94,294
90,79,295
93,77,296
97,75,297
108,74,298
117,75,299
131,82,300
129,80,301
146,103,302
147,104,303
149,112,304
150,130,305
150,132,306
145,150,307
143,154,308
130,169,309
128,171,310
109,179,311
103,180,312
98,180,313
77,173,314
69,167,315
58,154,316
55,149,317
51,139,318
48,121,319
48,106,320
51,94,321
60,76,322
63,71,323
73,61,324
87,53,325
113,49,326
116,49,327
124,51,328
143,61,329
155,73,330
166,92,331
168,97,332
172,118,333
172,129,334
169,148,335
161,168,336
148,185,337
137,194,338
130,198,339
111,204,340
100,205,341
89,204,342
65,194,343
49,180,344
40,168,345
36,161,346
27,132,347
26,122,348
30,88,349
38,68,350
50,51,351
52,48,352
67,36,353
89,26,354
121,25,355
133,28,356
131,27,357
166,50,358
175,61,359
187,85,360
193,110,361
194,120,362
191,150,363
187,165,364
179,182,365
165,201,366
146,217,367
123,227,368
106,230,369
77,226,370
72,225,371
56,217,372
28,191,373
17,173,374
13,164,375
7,144,376
4,114,377
10,77,378
17,60,379
26,44,380
52,17,381
104,124,382
103,117,383
100,122,384
102,127,385
101,130,386
113,115,387
109,110,388
105,108,389
107,108,390
112,109,391
114,110,392
117,113,393
120,119,394
121,124,395
121,125,396
118,135,397
117,137,398
110,143,399
107,144,400
99,145,401
93,143,402
94,144,403
86,139,404
82,133,405
79,127,406
78,122,407
78,115,408
79,107,409
83,98,410
85,95,411
92,88,412
98,85,413
102,84,414
109,83,415
122,87,416
127,90,417
133,97,418
139,107,419
140,110,420
142,121,421
140,138,422
139,142,423
136,149,424
129,158,425
123,163,426
110,169,427
105,170,428
89,168,429
80,164,430
70,155,431
72,158,432
64,147,433
57,128,434
56,120,435
58,101,436
60,94,437
66,82,438
71,75,439
82,66,440
87,63,441
106,58,442
108,58,443
129,63,444
141,71,445
145,75,446
158,95,447
160,100,448
163,112,449
164,126,450
159,152,451
156,159,452
145,175,453
139,181,454
127,189,455
107,195,456
86,193,457
77,190,458
68,185,459
59,178,460
46,161,461
39,146,462
35,129,463
34,118,464
36,98,465
44,75,466
50,65,467
60,53,468
83,38,469
86,37,470
110,33,471
127,36,472
145,44,473
155,52,474
167,65,475
181,94,476
181,93,477
185,132,478
186,125,479
180,159,480
166,186,481
161,192,482
143,208,483
136,212,484
115,219,485
86,219,486
66,212,487
56,206,488
44,196,489
24,168,490
19,156,491
13,128,492
13,106,493
17,83,494
27,59,495
43,37,496
54,27,497
72,16,498
90,10,499
105,8,500
130,11,501
142,15,502
178,42,503
183,48,504
195,68,505
204,94,506
207,134,507
206,143,508
105,118,509
105,116,510
112,121,511
112,122,512
108,112,513
111,128,514
112,127,515
110,131,516
110,132,517
105,135,518
102,136,519
100,136,520
93,133,521
92,132,522
89,129,523
86,120,524
86,115,525
88,107,526
88,106,527
90,102,528
96,97,529
101,94,530
109,93,531
113,93,532
118,95,533
122,98,534
129,107,535
130,107,536
133,119,537
134,126,538
133,134,539
131,139,540
126,148,541
124,151,542
111,159,543
106,160,544
92,159,545
94,160,546
83,155,547
78,151,548
69,138,549
67,133,550
65,128,551
65,108,552
66,103,553
71,91,554
78,81,555
89,73,556
95,70,557
104,68,558
111,68,559
126,72,560
134,77,561
142,85,562
150,98,563
149,95,564
155,119,565
156,125,566
154,140,567
146,159,568
142,165,569
139,169,570
117,183,571
108,185,572
101,186,573
84,183,574
76,179,575
64,170,576
59,165,577
45,136,578
43,124,579
43,129,580
44,101,581
50,82,582
55,73,583
72,55,584
76,52,585
88,46,586
112,43,587
120,44,588
130,47,589
147,57,590
162,73,591
172,93,592
175,102,593
177,120,594
176,141,595
174,150,596
162,176,597
159,181,598
145,195,599
124,207,600
111,210,601
100,211,602
74,205,603
59,197,604
46,185,605
32,165,606
25,146,607
23,139,608
22,101,609
23,94,610
34,64,611
37,59,612
66,30,613
75,25,614
93,19,615
122,19,616
143,26,617
137,23,618
158,35,619
183,64,620
181,60,621
195,93,622
199,129,623
198,140,624
187,178,625
181,189,626
169,205,627
137,228,628
119,234,629
105,236,630
88,235,631
75,232,632
50,220,633
24,195,634
11,172,635
106,124,636
100,119,637
100,116,638
100,113,639
103,131,640
96,126,641
95,120,642
94,120,643
94,115,644
95,112,645
96,109,646
101,104,647
104,103,648
111,103,649
110,102,650
118,106,651
120,108,652
123,113,653
125,119,654
126,123,655
125,130,656
120,141,657
116,145,658
116,146,659
109,150,660
103,151,661
95,150,662
93,150,663
84,144,664
80,140,665
76,133,666
73,123,667
73,113,668
73,108,669
76,100,670
79,94,671
85,87,672
93,81,673
98,79,674
107,77,675
120,80,676
123,81,677
130,85,678
143,104,679
144,106,680
147,118,681
147,128,682
145,140,683
145,141,684
134,160,685
132,163,686
125,169,687
115,174,688
104,176,689
85,173,690
84,173,691
70,163,692
60,151,693
56,143,694
53,135,695
51,114,696
51,108,697
57,88,698
67,72,699
75,64,700
76,63,701
89,56,702
115,53,703
118,53,704
131,58,705
140,63,706
155,78,707
158,83,708
167,106,709
169,120,710
168,136,711
165,150,712
156,170,713
149,179,714
133,192,715
128,195,716
107,201,717
89,200,718
76,196,719
65,190,720
51,177,721
37,155,722
36,153,723
31,136,724
29,119,725
31,97,726
38,75,727
60,46,728
64,42,729
78,34,730
92,29,731
118,28,732
113,27,733
147,39,734
165,54,735
170,60,736
182,81,737
187,95,738
191,122,739
188,149,740
181,171,741
172,187,742
151,209,743
150,210,744
124,223,745
108,226,746
94,226,747
74,222,748
48,207,749
40,200,750
13,153,751
11,148,752
8,128,753
8,101,754
11,86,755
21,59,756
28,47,757
51,22,758
58,17,759
97,3,760
105,2,761
130,5,762
103,121,763
104,117,764
101,123,765
104,115,766
100,126,767
100,129,768
106,111,769
114,115,770
116,117,771
117,120,772
117,127,773
117,130,774
114,135,775
113,136,776
112,138,777
104,141,778
102,142,779
91,138,780
90,138,781
85,132,782
82,124,783
82,126,784
82,110,785
81,110,786
84,102,787
86,99,788
97,90,789
100,88,790
106,87,791
110,87,792
118,89,793
125,93,794
129,97,795
133,102,796
138,115,797
139,122,798
137,137,799
135,143,800
134,146,801
128,154,802
116,163,803
107,166,804
104,167,805
89,164,806
82,161,807
78,158,808
71,152,809
64,139,810
61,131,811
59,118,812
61,102,813
64,93,814
66,88,815
76,75,816
86,68,817
89,66,818
105,62,819
112,62,820
122,64,821
131,68,822
148,84,823
155,96,824
157,101,825
160,132,826
160,135,827
160,137,828
148,166,829
139,176,830
141,175,831
125,186,832
96,191,833
102,192,834
81,188,835
67,180,836
60,174,837
46,154,838
44,150,839
39,133,840
37,116,841
39,100,842
49,73,843
54,65,844
72,48,845
73,47,846
91,39,847
119,38,848
125,39,849
136,43,850
161,63,851
170,76,852
176,89,853
178,94,854
182,129,855
182,138,856
176,160,857
164,183,858
150,198,859
147,201,860
124,213,861
101,217,862
91,216,863
75,212,864
51,198,865
35,180,866
27,167,867
21,151,868
16,125,869
18,93,870
23,76,871
23,75,872
38,48,873
56,30,874
64,24,875
101,12,876
127,14,877
149,23,878
145,20,879
162,31,880
187,60,881
196,79,882
202,100,883
204,130,884
204,135,885
198,165,886
182,197,887
168,214,888
146,230,889
109,120,890
110,124,891
110,125,892
108,130,893
96,115,894
99,111,895
95,117,896
103,133,897
99,132,898
95,130,899
92,127,900
90,123,901
89,119,902
89,116,903
90,109,904
93,104,905
97,100,906
102,98,907
105,97,908
107,96,909
118,100,910
118,99,911
126,107,912
128,111,913
130,117,914
131,125,915
129,134,916
129,136,917
123,146,918
117,152,919
112,155,920
109,156,921
102,157,922
92,156,923
85,152,924
78,146,925
71,134,926
70,133,927
68,112,928
67,117,929
71,99,930
74,92,931
75,90,932
87,78,933
95,74,934
104,72,935
108,71,936
127,77,937
132,80,938
140,88,939
145,95,940
151,111,941
152,118,942
152,133,943
147,150,944
143,158,945
139,163,946
135,168,947
124,176,948
112,181,949
100,182,950
82,178,951
74,174,952
62,163,953
53,149,954
52,147,955
46,124,956
46,113,957
47,101,958
51,88,959
60,72,960
75,57,961
88,50,962
100,47,963
107,46,964
134,53,965
138,55,966
152,66,967
160,76,968
165,85,969
172,104,970
174,129,971
173,139,972
169,155,973
161,172,974
148,188,975
131,200,976
118,205,977
98,207,978
84,205,979
66,197,980
57,191,981
47,181,982
38,169,983
27,141,984
26,138,985
25,104,986
28,86,987
39,62,988
48,50,989
63,36,990
82,26,991
92,23,992
108,21,993
137,27,994
153,36,995
163,44,996
181,67,997
190,87,998
195,109,999
196,121,1000
194,146,1001
188,168,1002
172,196,1003
166,203,1004
135,225,1005
133,226,1006
106,232,1007
93,232,1008
67,225,1009
52,217,1010
26,192,1011
19,181,1012
8,156,1013
3,131,1014
2,117,1015
12,66,1016
102,118,1017
103,114,1018
98,124,1019
99,127,1020
101,113,1021
97,120,1022
99,130,1023
99,110,1024
101,108,1025
106,106,1026
109,106,1027
113,107,1028
118,111,1029
121,117,1030
121,115,1031
122,127,1032
122,130,1033
120,135,1034
117,140,1035
114,143,1036
107,146,1037
104,147,1038
97,147,1039
95,147,1040
87,142,1041
85,141,1042
78,128,1043
78,130,1044
76,118,1045
76,111,1046
77,106,1047
81,97,1048
89,88,1049
88,88,1050
102,82,1051
106,81,1052
118,83,1053
121,84,1054
130,90,1055
138,100,1056
142,111,1057
144,120,1058
144,130,1059
142,139,1060
140,145,1061
135,154,1062
129,161,1063
114,170,1064
112,171,1065
97,172,1066
90,171,1067
79,166,1068
68,156,1069
66,154,1070
57,136,1071
56,134,1072
54,118,1073
55,104,1074
59,91,1075
63,83,1076
78,66,1077
75,68,1078
99,57,1079
109,56,1080
125,59,1081
128,60,1082
143,70,1083
155,85,1084
155,84,1085
165,114,1086
166,122,1087
163,146,1088
162,150,1089
155,165,1090
142,181,1091
123,193,1092
126,192,1093
108,197,1094
87,196,1095
74,191,1096
63,184,1097
50,171,1098
40,154,1099
36,143,1100
33,129,1101
33,105,1102
37,86,1103
49,63,1104
51,60,1105
69,43,1106
85,35,1107
87,34,1108
124,33,1109
129,34,1110
142,40,1111
165,59,1112
175,74,1113
179,82,1114
187,114,1115
188,124,1116
185,148,1117
176,174,1118
170,184,1119
148,207,1120
145,209,1121
111,222,1122
101,223,1123
91,222,1124
60,211,1125
45,200,1126
39,194,1127
22,168,1128
15,151,1129
11,124,1130
12,97,1131
21,67,1132
30,50,1133
35,43,1134
60,20,1135
85,9,1136
101,6,1137
122,7,1138
143,13,1139
167,28,1140
181,42,1141
191,56,1142
205,91,1143
102,125,1144
109,117,1145
102,128,1146
110,115,1147
113,120,1148
114,123,1149
110,112,1150
115,124,1151
114,128,1152
111,133,1153
111,134,1154
107,137,1155
100,138,1156
97,137,1157
93,136,1158
91,134,1159
88,131,1160
85,122,1161
84,115,1162
84,112,1163
86,106,1164
90,100,1165
95,95,1166
99,92,1167
104,91,1168
112,91,1169
121,95,1170
119,93,1171
127,100,1172
132,107,1173
134,112,1174
136,122,1175
135,132,1176
135,135,1177
131,144,1178
123,154,1179
116,159,1180
112,161,1181
103,163,1182
90,161,1183
81,156,1184
76,152,1185
76,153,1186
65,132,1187
63,124,1188
62,118,1189
64,103,1190
66,97,1191
72,85,1192
78,78,1193
86,72,1194
91,69,1195
113,66,1196
114,66,1197
129,71,1198
131,72,1199
148,90,1200
151,95,1201
156,109,1202
157,116,1203
157,133,1204
157,136,1205
147,161,1206
131,178,1207
133,177,1208
121,184,1209
104,188,1210
92,187,1211
83,185,1212
68,176,1213
60,169,1214
51,157,1215
47,149,1216
41,123,1217
41,108,1218
47,85,1219
50,78,1220
53,72,1221
67,56,1222
83,46,1223
95,42,1224
117,41,1225
131,45,1226
141,50,1227
156,62,1228
172,88,1229
171,85,1230
177,103,1231
179,128,1232
178,141,1233
172,162,1234
163,179,1235
143,199,1236
141,201,1237
117,211,1238
98,213,1239
75,208,1240
79,210,1241
46,188,1242
39,180,1243
26,156,1244
22,143,1245
19,123,1246
20,100,1247
26,77,1248
37,55,1249
53,37,1250
68,26,1251
84,19,1252
92,17,1253
120,16,1254
148,26,1255
143,23,1256
169,42,1257
183,60,1258
196,90,1259
200,106,1260
201,126,1261
198,153,1262
184,188,1263
173,203,1264
166,211,1265
143,228,1266
134,232,1267
98,238,1268
81,236,1269
56,226,1270
106,120,1271
107,124,1272
107,126,1273
98,118,1274
99,114,1275
105,131,1276
103,109,1277
95,126,1278
93,122,1279
92,118,1280
92,115,1281
93,110,1282
96,106,1283
99,103,1284
102,101,1285
109,100,1286
111,100,1287
118,104,1288
121,106,1289
126,115,1290
127,119,1291
126,132,1292
128,123,1293
127,132,1294
123,141,1295
118,147,1296
108,152,1297
110,152,1298
98,153,1299
93,152,1300
85,148,1301
79,142,1302
77,139,1303
72,129,1304
71,120,1305
71,111,1306
75,98,1307
76,95,1308
81,88,1309
90,80,1310
95,78,1311
106,75,1312
111,75,1313
125,80,1314
131,84,1315
135,87,1316
140,93,1317
148,114,1318
149,119,1319
149,128,1320
145,146,1321
143,151,1322
137,161,1323
132,166,1324
111,177,1325
108,178,1326
91,177,1327
84,175,1328
73,169,1329
68,165,1330
54,143,1331
53,141,1332
49,121,1333
50,106,1334
52,95,1335
53,91,1336
65,71,1337
82,57,1338
81,57,1339
94,52,1340
107,50,1341
119,51,1342
133,56,1343
150,69,1344
155,75,1345
167,99,1346
170,111,1347
171,121,1348
170,138,1349
163,161,1350
157,172,1351
145,186,1352
136,193,1353
122,200,1354
110,203,1355
81,200,1356
69,195,1357
64,192,1358
42,169,1359
37,160,1360
31,144,1361
27,121,1362
32,86,1363
29,95,1364
42,64,1365
49,54,1366
68,37,1367
76,32,1368
105,25,1369
125,27,1370
139,32,1371
159,45,1372
157,43,1373
174,62,1374
188,91,1375
192,114,1376
193,123,1377
190,150,1378
182,173,1379
168,196,1380
148,214,1381
141,218,1382
126,225,1383
101,229,1384
85,227,1385
44,206,1386
52,213,1387
24,183,1388
18,172,1389
9,147,1390
6,129,1391
10,82,1392
9,85,1393
19,58,1394
52,19,1395
62,12,1396
89,2,1397
103,118,1398
104,126,1399
100,120,1400
99,123,1401
104,129,1402
111,114,1403
104,111,1404
108,109,1405
113,111,1406
114,112,1407
117,115,1408
119,120,1409
119,127,1410
118,132,1411
117,135,1412
113,139,1413
110,142,1414
104,143,1415
102,144,1416
95,143,1417
86,136,1418
86,137,1419
82,131,1420
80,126,1421
79,114,1422
79,113,1423
82,103,1424
83,100,1425
91,91,1426
93,89,1427
99,86,1428
111,85,1429
113,85,1430
120,87,1431
130,95,1432
134,100,1433
139,112,1434
140,115,1435
141,122,1436
140,134,1437
135,147,1438
131,154,1439
128,158,1440
112,167,1441
106,168,1442
101,169,1443
89,167,1444
80,162,1445
73,157,1446
62,140,1447
61,138,1448
58,127,1449
57,118,1450
58,106,1451
64,88,1452
67,83,1453
80,69,1454
86,65,1455
96,61,1456
114,60,1457
125,63,1458
130,65,1459
147,79,1460
152,86,1461
157,96,1462
161,108,1463
163,125,1464
161,140,1465
156,156,1466
153,162,1467
139,179,1468
126,188,1469
116,192,1470
99,194,1471
83,191,1472
68,183,1473
58,175,1474
52,168,1475
44,155,1476
37,133,1477
36,109,1478
36,105,1479
40,88,1480
47,72,1481
62,53,1482
76,43,1483
90,37,1484
101,35,1485
115,35,1486
129,38,1487
148,48,1488
157,55,1489
170,72,1490
178,88,1491
184,118,1492
184,135,1493
179,157,1494
175,169,1495
165,185,1496
149,202,1497
128,214,1498
113,218,1499
98,219,1500
84,217,1501
69,212,1502
46,196,1503
40,190,1504
26,169,1505
15,135,1506
14,109,1507
14,106,1508
24,68,1509
27,61,1510
44,38,1511
67,20,1512
92,11,1513
100,10,1514
118,10,1515
157,25,1516
151,21,1517
183,50,1518
195,71,1519
200,84,1520
206,116,1521
204,148,1522
198,171,1523
189,190,1524
106,118,1525
106,116,1526
111,121,1527
111,122,1528
111,127,1529
109,113,1530
109,130,1531
106,133,1532
107,133,1533
99,134,1534
96,133,1535
92,130,1536
92,131,1537
88,123,1538
88,125,1539
87,117,1540
88,109,1541
91,104,1542
93,101,1543
99,96,1544
105,95,1545
107,94,1546
116,96,1547
117,96,1548
126,104,1549
127,105,1550
132,119,1551
133,121,1552
132,131,1553
130,139,1554
129,141,1555
119,153,1556
118,154,1557
111,158,1558
99,159,1559
92,158,1560
88,156,1561
80,151,1562
72,141,1563
69,135,1564
67,128,1565
66,110,1566
66,107,1567
71,93,1568
75,87,1569
81,80,1570
94,72,1571
102,70,1572
106,69,1573
122,72,1574
127,74,1575
132,77,1576
142,87,1577
149,99,1578
152,107,1579
154,116,1580
154,132,1581
149,151,1582
147,155,1583
137,169,1584
123,179,1585
122,180,1586
105,184,1587
95,184,1588
81,180,1589
68,172,1590
62,166,1591
50,147,1592
47,140,1593
44,121,1594
44,111,1595
46,97,1596
51,83,1597
63,65,1598
74,55,1599
88,48,1600
93,46,1601
108,44,1602
132,49,1603
139,53,1604
152,63,1605
163,77,1606
172,97,1607
174,104,1608
176,128,1609
170,158,1610
164,171,1611
158,180,1612
137,199,1613
132,202,1614
108,209,1615
112,209,1616
84,207,1617
66,200,1618
53,190,1619
44,181,1620
29,155,1621
23,132,1622
22,114,1623
26,87,1624
34,67,1625
42,54,1626
44,51,1627
70,29,1628
91,21,1629
111,19,1630
129,22,1631
138,25,1632
166,44,1633
169,47,1634
184,68,1635
192,87,1636
197,107,1637
198,125,1638
193,159,1639
186,177,1640
167,205,1641
162,210,1642
134,228,1643
109,234,1644
91,234,1645
77,231,1646
48,217,1647
35,206,1648
25,194,1649
8,162,1650
3,143,1651
106,123,1652
101,119,1653
101,116,1654
98,127,1655
101,112,1656
96,121,1657
101,131,1658
94,117,1659
96,112,1660
101,106,1661
100,106,1662
105,104,1663
111,104,1664
113,105,1665
115,105,1666
120,110,1667
122,113,1668
124,126,1669
125,124,1670
124,131,1671
120,139,1672
113,146,1673
109,148,1674
108,149,1675
102,150,1676
92,148,1677
85,143,1678
84,143,1679
77,132,1680
75,126,1681
74,122,1682
74,113,1683
75,107,1684
77,99,1685
83,91,1686
89,85,1687
97,81,1688
105,79,1689
111,79,1690
124,83,1691
132,89,1692
137,95,1693
139,97,1694
145,116,1695
146,127,1696
145,135,1697
143,142,1698
138,153,1699
129,164,1700
117,171,1701
113,173,1702
102,175,1703
94,174,1704
86,172,1705
74,165,1706
68,160,1707
59,146,1708
55,137,1709
52,121,1710
52,115,1711
57,91,1712
56,92,1713
74,67,1714
79,63,1715
90,57,1716
96,55,1717
119,55,1718
123,56,1719
133,60,1720
152,77,1721
156,82,1722
164,99,1723
166,106,1724
168,123,1725
167,137,1726
159,161,1727
149,177,1728
141,185,1729
127,194,1730
110,199,1731
100,200,1732
86,198,1733
75,194,1734
54,179,1735
48,172,1736
34,142,1737
31,128,1738
30,115,1739
32,99,1740
35,86,1741
45,65,1742
55,52,1743
70,40,1744
76,36,1745
104,29,1746
122,30,1747
137,35,1748
154,45,1749
171,64,1750
178,75,1751
186,96,1752
189,133,1753
190,124,1754
182,165,1755
179,172,1756
164,195,1757
143,213,1758
126,221,1759
118,223,1760
104,225,1761
83,223,1762
59,213,1763
51,208,1764
26,180,1765
14,153,1766
10,134,1767
9,107,1768
9,104,1769
24,56,1770
31,45,1771
51,24,1772
64,15,1773
72,11,1774
116,4,1775
129,6,1776
154,16,1777
172,30,1778
104,122,1779
104,118,1780
104,125,1781
111,115,1782
107,111,1783
114,119,1784
98,128,1785
115,119,1786
116,120,1787
116,127,1788
115,131,1789
115,132,1790
109,138,1791
106,139,1792
104,140,1793
98,140,1794
93,138,1795
89,135,1796
87,133,1797
83,125,1798
82,118,1799
82,115,1800
87,101,1801
84,105,1802
89,97,1803
95,92,1804
105,89,1805
113,89,1806
109,88,1807
121,92,1808
123,93,1809
130,100,1810
136,112,1811
136,111,1812
138,125,1813
137,133,1814
133,144,1815
127,153,1816
121,159,1817
115,162,1818
110,164,1819
99,165,1820
88,163,1821
73,151,1822
75,154,1823
70,148,1824
66,142,1825
61,113,1826
60,117,1827
62,103,1828
68,88,1829
70,84,1830
79,74,1831
93,66,1832
102,64,1833
106,63,1834
123,66,1835
137,74,1836
141,77,1837
149,87,1838
157,106,1839
157,105,1840
159,132,1841
155,149,1842
149,162,1843
146,167,1844
135,178,1845
121,186,1846
114,189,1847
102,190,1848
90,189,1849
72,182,1850
64,176,1851
54,165,1852
45,149,1853
41,136,1854
39,112,1855
40,100,1856
42,92,1857
51,72,1858
63,57,1859
74,48,1860
84,43,1861
105,38,1862
109,38,1863
146,51,1864
142,48,1865
157,60,1866
168,75,1867
180,109,1868
181,118,1869
181,133,1870
173,164,1871
171,170,1872
158,188,1873
147,199,1874
122,212,1875
116,214,1876
96,215,1877
79,212,1878
62,204,1879
43,188,1880
35,178,1881
25,159,1882
21,148,1883
17,120,1884
20,89,1885
30,63,1886
39,49,1887
41,46,1888
69,23,1889
87,16,1890
94,14,1891
133,17,1892
154,27,1893
173,44,1894
173,43,1895
195,80,1896
199,92,1897
203,128,1898
202,140,1899
199,157,1900
184,192,1901
171,209,1902
156,222,1903
126,237,1904
116,239,1905
109,121,1906
109,124,1907
109,125,1908
106,131,1909
97,115,1910
96,117,1911
99,112,1912
101,132,1913
96,129,1914
93,126,1915
91,122,1916
90,119,1917
91,111,1918
92,108,1919
92,107,1920
98,101,1921
101,99,1922
107,98,1923
111,98,1924
117,100,1925
123,106,1926
125,108,1927
128,114,1928
129,119,1929
130,125,1930
127,137,1931
122,145,1932
121,147,1933
112,153,1934
113,153,1935
103,156,1936
95,155,1937
86,151,1938
83,149,1939
75,140,1940
71,131,1941
69,122,1942
69,114,1943
69,109,1944
71,101,1945
81,85,1946
84,82,1947
89,78,1948
101,74,1949
109,73,1950
120,75,1951
127,78,1952
139,89,1953
144,96,1954
149,109,1955
151,119,1956
151,127,1957
151,131,1958
146,150,1959
141,158,1960
135,166,1961
128,172,1962
113,179,1963
103,181,1964
93,180,1965
74,172,1966
69,168,1967
60,159,1968
53,146,1969
48,128,1970
47,122,1971
48,104,1972
54,85,1973
54,84,1974
61,72,1975
83,54,1976
96,49,1977
103,48,1978
113,48,1979
124,50,1980
145,62,1981
150,66,1982
166,90,1983
168,95,1984
173,121,1985
171,143,1986
170,148,1987
158,174,1988
156,177,1989
146,188,1990
123,202,1991
116,204,1992
100,206,1993
86,204,1994
62,193,1995
47,179,1996
45,177,1997
30,148,1998
26,131,1999
25,116,2000
26,103,2001
38,67,2002
39,64,2003
64,37,2004
72,32,2005
89,25,2006
104,23,2007
127,25,2008
138,29,2009
159,42,2010
177,63,2011
186,80,2012
192,99,2013
194,113,2014
193,146,2015
187,167,2016
183,176,2017
168,199,2018
144,219,2019
123,228,2020
93,230,2021
103,231,2022
76,227,2023
56,218,2024
31,196,2025
18,177,2026
8,151,2027
6,143,2028
3,116,2029
9,79,2030
19,54,2031
25,44,2032
99,124,2033
105,129,2034
98,120,2035
100,127,2036
102,112,2037
113,116,2038
112,114,2039
103,108,2040
106,107,2041
108,107,2042
112,108,2043
117,112,2044
120,117,2045
121,120,2046
122,122,2047
120,132,2048
120,133,2049
114,141,2050
110,144,2051
108,145,2052
102,146,2053
98,146,2054
92,144,2055
85,139,2056
80,131,2057
79,129,2058
77,118,2059
77,115,2060
78,108,2061
82,98,2062
86,92,2063
94,86,2064
96,85,2065
102,83,2066
117,84,2067
118,84,2068
131,93,2069
132,94,2070
137,101,2071
142,115,2072
143,125,2073
143,126,2074
141,139,2075
136,150,2076
130,158,2077
118,167,2078
110,170,2079
102,171,2080
92,170,2081
86,168,2082
73,160,2083
66,152,2084
62,145,2085
56,126,2086
56,128,2087
56,106,2088
58,98,2089
65,82,2090
74,71,2091
82,65,2092
92,60,2093
99,58,2094
116,58,2095
124,60,2096
141,70,2097
147,76,2098
158,93,2099
160,98,2100
164,113,2101
164,134,2102
159,154,2103
154,164,2104
148,173,2105
135,185,2106
127,190,2107
112,195,2108
99,196,2109
82,193,2110
73,189,2111
58,178,2112
44,159,2113
37,142,2114
34,126,2115
34,129,2116
36,95,2117
40,82,2118
51,62,2119
58,54,2120
81,38,2121
86,36,2122
107,32,2123
118,33,2124
141,41,2125
153,49,2126
173,73,2127
180,88,2128
182,94,2129
186,116,2130
184,147,2131
180,161,2132
167,186,2133
165,189,2134
150,204,2135
123,218,2136
115,220,2137
95,221,2138
79,218,2139
56,207,2140
41,194,2141
28,177,2142
19,158,2143
13,134,2144
12,107,2145
17,81,2146
25,61,2147
31,51,2148
54,26,2149
68,17,2150
96,8,2151
109,7,2152
130,10,2153
161,25,2154
164,27,2155
180,43,2156
195,66,2157
203,87,2158
208,128,2159
108,117,2160
108,115,2161
112,120,2162
113,123,2163
109,112,2164
113,126,2165
111,129,2166
112,129,2167
111,132,2168
107,135,2169
105,136,2170
101,137,2171
97,136,2172
91,132,2173
90,132,2174
88,128,2175
85,120,2176
86,111,2177
86,110,2178
87,106,2179
93,98,2180
99,94,2181
103,93,2182
110,92,2183
111,92,2184
119,95,2185
124,99,2186
129,104,2187
133,114,2188
134,119,2189
135,123,2190
133,135,2191
129,145,2192
130,144,2193
119,156,2194
113,159,2195
99,161,2196
101,162,2197
91,160,2198
79,153,2199
78,152,2200
67,135,2201
69,141,2202
64,113,2203
64,109,2204
65,104,2205
70,91,2206
79,79,2207
85,74,2208
96,69,2209
104,67,2210
117,68,2211
126,71,2212
134,76,2213
144,86,2214
145,87,2215
153,104,2216
156,117,2217
156,132,2218
155,138,2219
151,151,2220
147,160,2221
133,175,2222
124,181,2223
108,186,2224
100,187,2225
85,184,2226
78,181,2227
59,166,2228
54,159,2229
45,139,2230
42,124,2231
42,112,2232
44,97,2233
45,93,2234
64,61,2235
67,58,2236
81,48,2237
92,44,2238
105,42,2239
124,44,2240
143,53,2241
152,60,2242
154,62,2243
165,76,2244
175,101,2245
178,119,2246
178,131,2247
169,165,2248
168,168,2249
151,191,2250
149,193,2251
128,206,2252
121,209,2253
93,211,2254
73,206,2255
53,193,2256
49,190,2257
32,166,2258
24,146,2259
21,132,2260
20,119,2261
23,90,2262
28,75,2263
41,52,2264
60,33,2265
69,27,2266
89,19,2267
110,17,2268
131,20,2269
139,23,2270
170,45,2271
173,48,2272
192,81,2273
197,98,2274
199,109,2275
197,151,2276
188,178,2277
182,189,2278
168,207,2279
143,226,2280
130,232,2281
104,237,2282
89,236,2283
72,232,2284
53,223,2285
22,193,2286
107,125,2287
99,118,2288
100,114,2289
104,131,2290
101,111,2291
95,122,2292
95,124,2293
94,122,2294
93,118,2295
93,116,2296
95,109,2297
97,106,2298
100,104,2299
106,102,2300
107,101,2301
115,103,2302
118,105,2303
122,110,2304
124,113,2305
126,119,2306
126,128,2307
125,133,2308
120,142,2309
121,142,2310
116,147,2311
108,151,2312
101,152,2313
98,152,2314
88,148,2315
85,146,2316
79,140,2317
75,133,2318
73,127,2319
72,112,2320
73,106,2321
77,96,2322
79,93,2323
90,82,2324
88,83,2325
98,78,2326
111,77,2327
117,78,2328
119,78,2329
137,92,2330
140,96,2331
143,101,2332
147,113,2333
148,125,2334
147,136,2335
142,150,2336
138,157,2337
131,165,2338
125,170,2339
114,175,2340
100,177,2341
95,177,2342
71,165,2343
74,168,2344
63,157,2345
53,137,2346
51,126,2347
50,113,2348
53,97,2349
55,91,2350
60,80,2351
71,66,2352
81,59,2353
102,52,2354
106,51,2355
123,54,2356
127,55,2357
143,64,2358
155,77,2359
162,89,2360
168,107,2361
169,134,2362
167,146,2363
167,147,2364
157,170,2365
148,181,2366
139,189,2367
128,196,2368
105,202,2369
97,202,2370
76,197,2371
63,189,2372
54,182,2373
40,163,2374
33,147,2375
29,127,2376
29,104,2377
31,93,2378
40,70,2379
44,62,2380
66,40,2381
78,33,2382
100,27,2383
110,26,2384
133,31,2385
152,41,2386
166,54,2387
178,71,2388
186,89,2389
188,96,2390
191,132,2391
191,136,2392
186,160,2393
180,175,2394
151,210,2395
150,211,2396
127,223,2397
97,227,2398
92,227,2399
75,223,2400
42,203,2401
26,183,2402
19,172,2403
11,150,2404
8,135,2405
9,92,2406
17,66,2407
19,61,2408
37,34,2409
55,18,2410
77,7,2411
82,5,2412
125,3,2413
104,123,2414
102,121,2415
105,114,2416
103,129,2417
111,116,2418
98,125,2419
105,111,2420
112,112,2421
114,113,2422
117,118,2423
118,122,2424
118,128,2425
117,131,2426
115,135,2427
114,137,2428
108,141,2429
104,142,2430
98,142,2431
92,140,2432
89,138,2433
84,131,2434
83,130,2435
81,113,2436
80,119,2437
80,112,2438
84,101,2439
91,93,2440
89,94,2441
96,89,2442
105,86,2443
109,86,2444
118,88,2445
126,93,2446
132,99,2447
135,104,2448
138,112,2449
139,130,2450
139,132,2451
138,138,2452
130,153,2453
121,161,2454
120,162,2455
119,163,2456
102,167,2457
91,166,2458
84,163,2459
77,159,2460
68,148,2461
64,142,2462
59,124,2463
59,126,2464
59,108,2465
61,98,2466
66,87,2467
80,71,2468
87,66,2469
95,63,2470
104,61,2471
112,61,2472
129,66,2473
145,79,2474
147,81,2475
153,90,2476
159,105,2477
161,129,2478
162,124,2479
159,144,2480
148,167,2481
150,165,2482
132,183,2483
117,190,2484
108,192,2485
101,193,2486
75,186,2487
73,185,2488
53,167,2489
45,154,2490
42,147,2491
38,132,2492
37,110,2493
41,89,2494
41,88,2495
59,58,2496
64,53,2497
83,41,2498
92,38,2499
105,36,2500
131,40,2501
151,52,2502
150,51,2503
168,71,2504
175,84,2505
181,103,2506
183,118,2507
182,140,2508
175,165,2509
160,189,2510
159,191,2511
139,207,2512
124,214,2513
109,217,2514
91,217,2515
66,209,2516
49,197,2517
39,187,2518
26,166,2519
19,147,2520
15,123,2521
18,90,2522
17,93,2523
31,57,2524
38,47,2525
58,27,2526
82,15,2527
102,11,2528
119,12,2529
123,12,2530
148,21,2531
173,40,2532
190,64,2533
195,74,2534
204,108,2535
205,129,2536
204,141,2537
188,189,2538
187,191,2539
169,214,2540
110,121,2541
110,122,2542
110,127,2543
109,129,2544
95,119,2545
104,133,2546
97,113,2547
102,133,2548
95,116,2549
99,133,2550
95,131,2551
91,127,2552
90,125,2553
88,118,2554
88,115,2555
90,108,2556
92,104,2557
99,98,2558
101,97,2559
105,96,2560
114,97,2561
119,99,2562
122,101,2563
126,106,2564
128,109,2565
131,118,2566
131,127,2567
130,135,2568
128,140,2569
125,145,2570
122,149,2571
114,155,2572
108,157,2573
103,158,2574
89,155,2575
88,155,2576
79,148,2577
71,137,2578
68,128,2579
67,121,2580
68,106,2581
68,105,2582
70,98,2583
79,84,2584
93,74,2585
98,72,2586
103,71,2587
112,71,2588
126,75,2589
133,80,2590
136,82,2591
144,92,2592
149,102,2593
152,112,2594
152,136,2595
152,137,2596
147,152,2597
142,161,2598
130,173,2599
120,179,2600
104,183,2601
100,183,2602
82,179,2603
69,171,2604
62,164,2605
56,156,2606
48,138,2607
45,120,2608
45,113,2609
46,103,2610
54,80,2611
61,69,2612
71,59,2613
86,50,2614
100,46,2615
119,47,2616
130,50,2617
144,58,2618
149,62,2619
162,78,2620
166,85,2621
174,111,2622
175,127,2623
172,148,2624
169,157,2625
160,175,2626
148,189,2627
131,201,2628
112,207,2629
113,207,2630
85,206,2631
78,204,2632
60,194,2633
50,186,2634
34,163,2635
26,141,2636
24,127,2637
23,119,2638
32,74,2639
37,64,2640
46,51,2641
59,38,2642
71,30,2643
99,21,2644
119,21,2645
139,27,2646
156,37,2647
168,48,2648
182,67,2649
192,91,2650
194,99,2651
197,124,2652
195,145,2653
187,172,2654
173,196,2655
151,217,2656
145,221,2657
120,231,2658
106,233,2659
72,228,2660
55,220,2661
49,216,2662
21,186,2663
18,181,2664
3,137,2665
2,127,2666
2,105,2667
105,124,2668
102,119,2669
106,129,2670
97,121,2671
96,125,2672
112,113,2673
107,109,2674
97,112,2675
99,109,2676
103,106,2677
106,105,2678
109,105,2679
113,106,2680
117,109,2681
119,110,2682
123,120,2683
123,127,2684
122,132,2685
121,135,2686
121,136,2687
110,146,2688
111,146,2689
103,148,2690
101,149,2691
93,147,2692
88,144,2693
81,136,2694
78,132,2695
76,123,2696
75,119,2697
75,112,2698
81,96,2699
82,94,2700
87,88,2701
93,84,2702
101,81,2703
114,81,2704
115,81,2705
121,83,2706
133,92,2707
140,103,2708
141,105,2709
143,109,2710
145,124,2711
142,142,2712
137,152,2713
136,154,2714
122,167,2715
123,167,2716
105,173,2717
96,173,2718
85,170,2719
75,164,2720
69,159,2721
62,149,2722
59,144,2723
54,124,2724
53,115,2725
56,97,2726
60,87,2727
66,77,2728
69,73,2729
87,60,2730
95,57,2731
109,55,2732
118,56,2733
135,63,2734
148,74,2735
154,81,2736
160,93,2737
164,104,2738
167,123,2739
165,141,2740
162,152,2741
152,171,2742
143,181,2743
128,192,2744
126,193,2745
107,198,2746
88,197,2747
81,195,2748
58,181,2749
55,178,2750
41,158,2751
37,149,2752
32,111,2753
33,99,2754
36,87,2755
41,75,2756
47,64,2757
65,45,2758
88,33,2759
106,30,2760
111,30,2761
138,37,2762
149,43,2763
165,58,2764
172,67,2765
183,91,2766
188,115,2767
188,130,2768
186,148,2769
182,162,2770
165,192,2771
154,203,2772
145,210,2773
130,218,2774
110,223,2775
75,219,2776
67,216,2777
46,202,2778
31,185,2779
22,171,2780
15,152,2781
10,123,2782
13,89,2783
18,72,2784
29,50,2785
47,29,2786
62,18,2787
82,9,2788
102,5,2789
122,6,2790
149,15,2791
151,16,2792
165,25,2793
199,71,2794
103,122,2795
103,125,2796
105,115,2797
103,128,2798
111,118,2799
113,119,2800
111,112,2801
115,122,2802
115,127,2803
114,130,2804
113,132,2805
111,135,2806
105,138,2807
101,139,2808
98,139,2809
92,136,2810
88,132,2811
85,126,2812
84,122,2813
83,115,2814
85,107,2815
87,103,2816
94,95,2817
94,94,2818
97,92,2819
104,90,2820
117,92,2821
113,90,2822
127,99,2823
130,102,2824
134,110,2825
136,117,2826
136,116,2827
137,124,2828
134,139,2829
130,147,2830
119,158,2831
118,159,2832
112,162,2833
100,164,2834
88,161,2835
81,157,2836
80,157,2837
70,145,2838
64,132,2839
64,133,2840
62,111,2841
63,104,2842
67,92,2843
70,87,2844
78,77,2845
87,70,2846
91,68,2847
105,65,2848
122,67,2849
123,67,2850
143,82,2851
145,84,2852
151,93,2853
155,102,2854
158,128,2855
158,134,2856
153,151,2857
143,168,2858
139,173,2859
129,181,2860
118,186,2861
111,188,2862
99,189,2863
71,179,2864
70,179,2865
56,166,2866
52,160,2867
41,130,2868
41,131,2869
42,98,2870
43,94,2871
46,84,2872
55,68,2873
74,50,2874
83,45,2875
101,40,2876
121,41,2877
125,42,2878
136,46,2879
163,70,2880
169,79,2881
170,81,2882
178,104,2883
180,121,2884
178,145,2885
174,159,2886
162,181,2887
150,195,2888
129,208,2889
112,213,2890
100,214,2891
95,214,2892
65,204,2893
57,199,2894
34,174,2895
26,158,2896
20,138,2897
19,132,2898
19,103,2899
27,72,2900
39,51,2901
53,36,2902
60,30,2903
74,22,2904
99,15,2905
123,16,2906
125,16,2907
148,25,2908
187,66,2909
180,54,2910
192,75,2911
201,112,2912
202,122,2913
199,151,2914
190,178,2915
176,201,2916
157,220,2917
153,223,2918
114,238,2919
105,239,2920
69,233,2921
107,120,2922
108,124,2923
108,125,2924
97,117,2925
98,115,2926
103,132,2927
101,110,2928
97,129,2929
93,124,2930
92,121,2931
91,116,2932
92,111,2933
93,109,2934
98,103,2935
97,103,2936
104,100,2937
109,99,2938
115,101,2939
116,101,2940
121,105,2941
125,111,2942
128,119,2943
128,124,2944
129,124,2945
126,137,2946
121,145,2947
114,150,2948
112,152,2949
104,154,2950
98,154,2951
96,154,2952
85,149,2953
79,143,2954
74,136,2955
72,130,2956
70,120,2957
71,108,2958
73,100,2959
74,97,2960
80,88,2961
91,79,2962
97,76,2963
99,75,2964
118,76,2965
119,76,2966
129,81,2967
139,90,2968
146,104,2969
147,106,2970
150,122,2971
149,135,2972
147,143,2973
142,155,2974
136,163,2975
125,172,2976
112,178,2977
104,179,2978
96,179,2979
90,178,2980
76,172,2981
63,160,2982
59,155,2983
51,137,2984
49,127,2985
48,118,2986
51,95,2987
56,83,2988
67,68,2989
67,67,2990
88,53,2991
101,50,2992
106,49,2993
118,50,2994
138,58,2995
151,69,2996
164,89,2997
168,99,2998
171,113,2999
172,126,3000
167,153,3001
163,163,3002
158,172,3003
140,191,3004
129,198,3005
127,199,3006
99,204,3007
87,203,3008
75,199,3009
60,190,3010
40,167,3011
34,155,3012
29,140,3013
27,109,3014
27,102,3015
34,78,3016
38,69,3017
48,54,3018
75,32,3019
69,35,3020
105,24,3021
128,27,3022
139,31,3023
157,42,3024
172,58,3025
183,76,3026
191,101,3027
193,114,3028
193,135,3029
189,156,3030
188,161,3031
176,186,3032
152,212,3033
138,221,3034
110,229,3035
92,229,3036
70,223,3037
66,222,3038
36,200,3039
31,194,3040
11,157,3041
6,136,3042
5,124,3043
6,96,3044
15,65,3045
23,50,3046
37,31,3047
53,17,3048
103,119,3049
103,115,3050
100,124,3051
99,120,3052
106,128,3053
101,127,3054
107,110,3055
106,108,3056
111,109,3057
114,111,3058
116,112,3059
118,115,3060
120,121,3061
120,126,3062
119,132,3063
116,137,3064
114,140,3065
108,143,3066
105,144,3067
100,145,3068
92,142,3069
88,140,3070
86,138,3071
80,128,3072
79,125,3073
78,118,3074
81,104,3075
79,108,3076
85,96,3077
87,93,3078
93,88,3079
104,84,3080
109,84,3081
114,84,3082
127,91,3083
125,89,3084
134,99,3085
139,108,3086
141,118,3087
142,125,3088
139,140,3089
137,146,3090
133,153,3091
126,160,3092
117,166,3093
106,169,3094
100,170,3095
88,167,3096
78,162,3097
68,152,3098
65,148,3099
59,135,3100
57,124,3101
56,117,3102
58,103,3103
60,95,3104
68,80,3105
75,72,3106
83,66,3107
93,61,3108
118,60,3109
125,62,3110
128,63,3111
139,70,3112
154,88,3113
160,102,3114
163,116,3115
162,138,3116
163,135,3117
156,158,3118
150,168,3119
138,181,3120
128,188,3121
115,193,3122
99,195,3123
77,189,3124
76,189,3125
66,183,3126
51,168,3127
39,144,3128
38,141,3129
35,123,3130
36,101,3131
38,92,3132
45,74,3133
62,52,3134
68,47,3135
82,39,3136
103,34,3137
121,35,3138
140,42,3139
144,44,3140
167,66,3141
174,77,3142
183,104,3143
184,108,3144
184,138,3145
182,152,3146
174,172,3147
163,189,3148
145,206,3149
128,215,3150
113,219,3151
100,220,3152
74,215,3153
53,203,3154
47,198,3155
33,182,3156
25,169,3157
16,144,3158
13,122,3159
14,101,3160
22,70,3161
27,60,3162
55,27,3163
69,18,3164
81,13,3165
114,9,3166
124,10,3167
147,18,3168
163,28,3169
173,37,3170
194,67,3171
202,88,3172
207,121,3173
207,126,3174
201,164,3175
109,118,3176
111,120,3177
110,116,3178
105,113,3179
112,123,3180
112,126,3181
109,131,3182
109,132,3183
107,134,3184
103,135,3185
99,135,3186
98,135,3187
94,133,3188
89,128,3189
88,124,3190
86,119,3191
86,117,3192
88,108,3193
91,102,3194
93,99,3195
101,95,3196
104,94,3197
113,94,3198
115,94,3199
121,98,3200
125,101,3201
130,110,3202
132,113,3203
133,122,3204
133,131,3205
133,132,3206
126,147,3207
123,151,3208
117,156,3209
108,159,3210
99,160,3211
88,157,3212
87,157,3213
79,151,3214
72,143,3215
67,131,3216
66,128,3217
65,111,3218
66,105,3219
72,90,3220
77,83,3221
81,79,3222
92,72,3223
101,69,3224
114,69,3225
115,69,3226
133,77,3227
139,82,3228
147,93,3229
149,97,3230
152,103,3231
155,122,3232
155,131,3233
151,148,3234
142,164,3235
138,169,3236
129,177,3237
115,183,3238
99,185,3239
90,184,3240
86,183,3241
67,172,3242
55,158,3243
50,150,3244
45,134,3245
43,114,3246
44,103,3247
45,98,3248
55,74,3249
62,65,3250
81,50,3251
85,48,3252
99,44,3253
108,43,3254
131,48,3255
139,52,3256
152,62,3257
164,77,3258
174,101,3259
176,110,3260
176,138,3261
173,152,3262
167,167,3263
151,189,3264
148,192,3265
127,205,3266
115,209,3267
99,210,3268
92,210,3269
54,192,3270
49,188,3271
38,174,3272
33,166,3273
23,135,3274
21,115,3275
22,104,3276
27,81,3277
41,54,3278
43,51,3279
72,27,3280
81,23,3281
106,18,3282
125,20,3283
144,27,3284
162,39,3285
176,54,3286
191,82,3287
189,76,3288
198,115,3289
198,138,3290
191,167,3291
186,179,3292
169,204,3293
160,213,3294
138,227,3295
109,235,3296
86,234,3297
68,229,3298
51,220,3299
34,206,3300
21,190,3301
7,161,3302
106,122,3303
106,126,3304
100,118,3305
101,114,3306
96,122,3307
100,131,3308
105,109,3309
94,119,3310
95,113,3311
96,110,3312
99,106,3313
102,104,3314
109,103,3315
113,104,3316
112,103,3317
120,109,3318
121,110,3319
124,118,3320
125,122,3321
126,124,3322
123,135,3323
120,140,3324
113,147,3325
114,147,3326
106,150,3327
101,151,3328
91,148,3329
88,147,3330
79,137,3331
78,136,3332
76,132,3333
73,121,3334
74,108,3335
73,111,3336
79,95,3337
87,86,3338
91,83,3339
100,79,3340
105,78,3341
110,78,3342
128,85,3343
131,87,3344
134,89,3345
144,108,3346
145,111,3347
147,122,3348
146,134,3349
141,149,3350
141,150,3351
131,163,3352
122,170,3353
113,174,3354
107,175,3355
93,175,3356
89,174,3357
81,171,3358
61,151,3359
60,150,3360
56,142,3361
52,127,3362
52,105,3363
54,96,3364
67,73,3365
75,65,3366
77,63,3367
90,56,3368
97,54,3369
118,54,3370
129,57,3371
147,70,3372
154,78,3373
157,82,3374
163,94,3375
168,116,3376
168,135,3377
164,151,3378
162,157,3379
154,172,3380
141,186,3381
124,196,3382
110,200,3383
100,201,3384
83,198,3385
75,195,3386
52,178,3387
39,158,3388
34,146,3389
31,134,3390
30,110,3391
32,94,3392
36,81,3393
40,72,3394
67,41,3395
61,45,3396
91,30,3397
113,28,3398
125,30,3399
152,43,3400
140,35,3401
171,62,3402
176,70,3403
188,102,3404
190,115,3405
189,142,3406
186,155,3407
178,176,3408
165,195,3409
143,214,3410
131,220,3411
118,224,3412
100,226,3413
74,221,3414
60,215,3415
43,202,3416
24,178,3417
12,148,3418
9,136,3419
8,122,3420
13,80,3421
20,62,3422
34,40,3423
45,28,3424
59,17,3425
87,5,3426
122,4,3427
118,3,3428
155,16,3429
103,123,3430
102,120,3431
101,126,3432
106,114,3433
112,118,3434
102,129,3435
109,111,3436
115,117,3437
115,116,3438
117,122,3439
117,125,3440
117,128,3441
114,134,3442
109,139,3443
108,140,3444
100,141,3445
97,141,3446
92,138,3447
90,137,3448
84,129,3449
82,122,3450
81,119,3451
83,108,3452
82,108,3453
84,103,3454
88,97,3455
96,91,3456
102,88,3457
112,88,3458
113,88,3459
121,91,3460
128,96,3461
134,105,3462
136,109,3463
138,119,3464
139,124,3465
136,138,3466
135,142,3467
130,151,3468
122,159,3469
112,164,3470
104,166,3471
96,166,3472
82,160,3473
80,159,3474
75,155,3475
68,147,3476
62,132,3477
60,123,3478
60,112,3479
61,104,3480
64,94,3481
71,81,3482
77,75,3483
89,67,3484
96,64,3485
115,63,3486
123,65,3487
128,67,3488
135,71,3489
153,93,3490
158,106,3491
159,111,3492
160,127,3493
159,138,3494
154,155,3495
148,165,3496
132,181,3497
133,181,3498
111,190,3499
103,191,3500
95,191,3501
80,187,3502
63,176,3503
48,157,3504
41,139,3505
39,131,3506
38,112,3507
38,110,3508
45,82,3509
54,66,3510
58,61,3511
78,45,3512
93,39,3513
107,37,3514
125,40,3515
130,41,3516
154,56,3517
165,69,3518
170,77,3519
177,93,3520
182,118,3521
179,148,3522
181,141,3523
169,174,3524
162,185,3525
148,199,3526
131,210,3527
114,215,3528
88,215,3529
77,212,3530
62,205,3531
54,200,3532
30,171,3533
28,168,3534
17,129,3535
16,114,3536
21,83,3537
25,72,3538
37,50,3539
54,32,3540
78,18,3541
86,15,3542
109,12,3543
119,13,3544
164,34,3545
165,34,3546
181,52,3547
194,75,3548
201,98,3549
202,102,3550
202,146,3551
195,172,3552
189,185,3553
167,214,3554
155,224,3555
134,235,3556
107,119,3557
109,122,3558
109,127,3559
109,128,3560
96,119,3561
105,132,3562
98,113,3563
96,116,3564
96,130,3565
93,127,3566
92,126,3567
90,122,3568
89,117,3569
90,112,3570
92,106,3571
94,104,3572
95,102,3573
105,98,3574
109,97,3575
111,97,3576
120,102,3577
121,102,3578
126,108,3579
128,112,3580
130,121,3581
130,129,3582
125,142,3583
125,143,3584
117,151,3585
119,150,3586
107,156,3587
97,156,3588
92,155,3589
91,155,3590
82,149,3591
77,144,3592
71,133,3593
70,131,3594
68,114,3595
68,111,3596
75,92,3597
75,91,3598
80,84,3599
94,75,3600
102,73,3601
109,72,3602
117,73,3603
128,78,3604
135,83,3605
141,90,3606
146,98,3607
150,109,3608
152,127,3609
151,136,3610
146,151,3611
143,157,3612
134,168,3613
128,173,3614
119,178,3615
101,182,3616
86,179,3617
77,175,3618
71,171,3619
58,157,3620
51,143,3621
48,134,3622
46,115,3623
47,106,3624
49,95,3625
57,77,3626
71,61,3627
76,57,3628
87,51,3629
111,47,3630
112,47,3631
138,56,3632
148,63,3633
160,77,3634
163,82,3635
169,96,3636
173,114,3637
174,125,3638
170,150,3639
167,159,3640
157,177,3641
141,193,3642
130,200,3643
116,205,3644
87,205,3645
86,205,3646
58,191,3647
53,187,3648
34,160,3649
30,151,3650
25,125,3651
25,131,3652
28,90,3653
28,88,3654
43,57,3655
52,46,3656
72,31,3657
95,23,3658
103,22,3659
126,24,3660
133,26,3661
168,50,3662
170,52,3663
189,86,3664
193,100,3665
195,116,3666
195,136,3667
188,166,3668
185,174,3669
167,201,3670
157,211,3671
136,224,3672
112,231,3673
84,230,3674
73,227,3675
53,217,3676
36,203,3677
19,180,3678
11,163,3679
5,142,3680
3,111,3681
5,91,3682
16,58,3683
105,123,3684
105,126,3685
102,116,3686
98,121,3687
103,130,3688
103,111,3689
114,116,3690
100,109,3691
102,108,3692
108,106,3693
111,107,3694
115,109,3695
117,110,3696
121,118,3697
122,119,3698
122,125,3699
122,128,3700
119,136,3701
114,142,3702
110,145,3703
105,146,3704
100,147,3705
95,146,3706
90,144,3707
85,140,3708
80,133,3709
78,127,3710
77,126,3711
77,109,3712
77,108,3713
81,98,3714
86,91,3715
87,90,3716
93,85,3717
105,82,3718
114,82,3719
123,86,3720
128,89,3721
136,98,3722
139,103,3723
143,118,3724
144,123,3725
144,125,3726
139,146,3727
132,157,3728
131,158,3729
118,168,3730
108,171,3731
104,172,3732
93,171,3733
80,166,3734
72,160,3735
67,154,3736
60,143,3737
55,124,3738
55,126,3739
55,108,3740
57,98,3741
63,84,3742
74,70,3743
84,63,3744
89,60,3745
103,57,3746
115,57,3747
126,60,3748
136,65,3749
152,81,3750
160,96,3751
162,100,3752
165,129,3753
165,132,3754
161,151,3755
154,166,3756
147,175,3757
139,183,3758
119,194,3759
104,197,3760
100,197,3761
85,195,3762
68,187,3763
50,170,3764
44,161,3765
36,141,3766
33,125,3767
33,111,3768
34,101,3769
39,82,3770
56,55,3771
57,54,3772
70,43,3773
99,32,3774
107,31,3775
132,36,3776
155,50,3777
145,42,3778
169,65,3779
178,81,3780
182,91,3781
187,120,3782
185,146,3783
180,163,3784
168,186,3785
160,196,3786
151,204,3787
119,220,3788
106,222,3789
88,221,3790
79,219,3791
46,200,3792
38,192,3793
29,180,3794
16,151,3795
13,141,3796
11,115,3797
15,85,3798
22,66,3799
30,51,3800
58,22,3801
61,20,3802
87,9,3803
108,6,3804
136,11,3805
150,17,3806
172,33,3807
192,59,3808
199,73,3809
207,103,3810
106,117,3811
106,115,3812
101,128,3813
106,112,3814
113,121,3815
114,124,3816
114,125,3817
114,126,3818
113,130,3819
108,135,3820
109,135,3821
105,137,3822
101,138,3823
94,135,3824
92,135,3825
89,131,3826
86,126,3827
85,119,3828
84,117,3829
85,109,3830
87,105,3831
92,98,3832
99,93,3833
98,93,3834
109,91,3835
110,91,3836
120,95,3837
124,97,3838
130,105,3839
133,111,3840
135,118,3841
135,130,3842
133,138,3843
134,137,3844
128,148,3845
120,156,3846
109,161,3847
106,162,3848
96,162,3849
89,160,3850
79,154,3851
72,146,3852
75,151,3853
64,126,3854
63,120,3855
63,112,3856
66,98,3857
72,86,3858
75,82,3859
84,74,3860
93,69,3861
104,66,3862
117,67,3863
123,69,3864
134,75,3865
138,78,3866
148,91,3867
153,101,3868
157,118,3869
157,127,3870
153,148,3871
151,154,3872
134,175,3873
133,176,3874
122,183,3875
109,187,3876
95,187,3877
89,186,3878
74,180,3879
63,171,3880
50,154,3881
46,145,3882
42,130,3883
41,114,3884
43,98,3885
52,76,3886
56,69,3887
63,60,3888
73,52,3889
98,42,3890
110,41,3891
127,44,3892
132,46,3893
152,59,3894
164,73,3895
174,95,3896
176,101,3897
178,110,3898
176,147,3899
175,152,3900
166,173,3901
156,187,3902
130,206,3903
129,207,3904
106,212,3905
86,211,3906
64,202,3907
65,203,3908
44,185,3909
29,162,3910
24,149,3911
20,128,3912
19,118,3913
26,78,3914
33,63,3915
43,48,3916
61,31,3917
75,23,3918
90,18,3919
104,16,3920
127,18,3921
152,29,3922
162,36,3923
185,64,3924
192,79,3925
200,115,3926
200,112,3927
199,145,3928
196,159,3929
176,199,3930
168,208,3931
156,219,3932
123,235,3933
112,237,3934
84,236,3935
72,233,3936
29,203,3937
107,121,3938
107,123,3939
108,128,3940
98,117,3941
99,115,3942
100,112,3943
96,127,3944
94,124,3945
93,121,3946
92,117,3947
93,113,3948
94,109,3949
97,105,3950
102,102,3951
104,101,3952
112,101,3953
115,102,3954
120,106,3955
122,108,3956
124,111,3957
127,122,3958
127,127,3959
124,137,3960
124,139,3961
117,147,3962
116,148,3963
105,152,3964
103,153,3965
95,152,3966
85,147,3967
87,149,3968
78,140,3969
74,132,3970
72,127,3971
71,118,3972
72,107,3973
77,95,3974
80,90,3975
88,82,3976
93,79,3977
104,76,3978
112,76,3979
115,76,3980
130,84,3981
135,88,3982
140,94,3983
144,101,3984
148,129,3985
149,123,3986
145,145,3987
140,155,3988
136,161,3989
129,168,3990
123,172,3991
108,177,3992
104,178,3993
86,175,3994
81,173,3995
69,165,3996
62,157,3997
53,139,3998
51,133,3999
49,116,4000
52,98,4001
56,86,4002
60,78,4003
69,67,4004
85,56,4005
84,56,4006
111,51,4007
115,51,4008
132,56,4009
144,64,4010
152,72,4011
165,94,4012
170,117,4013
170,131,4014
170,136,4015
164,158,4016
160,166,4017
144,186,4018
142,188,4019
120,200,4020
113,202,4021
98,203,4022
75,197,4023
70,195,4024
51,180,4025
42,168,4026
33,149,4027
28,125,4028
28,105,4029
35,79,4030
36,75,4031
49,55,4032
55,48,4033
86,29,4034
85,29,4035
115,26,4036
127,28,4037
144,35,4038
157,44,4039
169,56,4040
180,73,4041
191,106,4042
192,129,4043
192,134,4044
185,165,4045
173,188,4046
161,203,4047
150,212,4048
129,223,4049
108,228,4050
88,227,4051
58,216,4052
34,195,4053
30,191,4054
24,182,4055
8,140,4056
7,134,4057
6,112,4058
14,71,4059
19,59,4060
28,44,4061
49,22,4062
58,15,4063
99,1,4064
105,125,4065
101,121,4066
101,124,4067
103,116,4068
102,113,4069
112,116,4070
99,129,4071
110,110,4072
112,111,4073
117,116,4074
118,118,4075
119,122,4076
119,125,4077
118,131,4078
117,134,4079
110,141,4080
108,142,4081
100,143,4082
97,143,4083
94,142,4084
85,134,4085
85,135,4086
82,130,4087
80,122,4088
79,118,4089
81,106,4090
86,97,4091
87,95,4092
95,89,4093
101,86,4094
100,86,4095
115,86,4096
122,89,4097
125,91,4098
132,98,4099
137,107,4100
140,119,4101
140,128,4102
141,124,4103
136,145,4104
129,155,4105
128,157,4106
122,162,4107
109,167,4108
99,168,4109
92,167,4110
85,165,4111
73,156,4112
68,150,4113
61,136,4114
59,130,4115
58,112,4116
59,103,4117
61,96,4118
67,84,4119
76,73,4120
84,67,4121
92,63,4122
104,60,4123
117,61,4124
132,67,4125
139,72,4126
144,76,4127
157,97,4128
160,107,4129
162,117,4130
162,130,4131
158,149,4132
156,155,4133
142,176,4134
133,183,4135
120,190,4136
114,192,4137
95,193,4138
77,188,4139
66,181,4140
57,173,4141
49,163,4142
42,149,4143
37,131,4144
37,103,4145
37,101,4146
45,77,4147
50,68,4148
69,48,4149
81,41,4150
97,36,4151
110,35,4152
127,38,4153
139,43,4154
158,57,4155
160,59,4156
177,87,4157
181,99,4158
184,126,4159
183,139,4160
170,176,4161
174,170,4162
156,195,4163
144,205,4164
116,217,4165
107,218,4166
85,217,4167
73,213,4168
59,206,4169
36,184,4170
26,168,4171
19,150,4172
15,131,4173
14,118,4174
21,76,4175
25,67,4176
35,49,4177
60,25,4178
68,20,4179
98,11,4180
105,10,4181
134,14,4182
162,29,4183
172,38,4184
183,51,4185
200,86,4186
205,110,4187
206,126,4188
203,151,4189
195,177,4190
179,204,4191
107,118,4192
110,120,4193
108,116,4194
111,123,4195
107,113,4196
111,126,4197
108,131,4198
107,132,4199
104,134,4200
102,134,4201
97,133,4202
91,128,4203
89,124,4204
88,121,4205
87,119,4206
88,112,4207
88,110,4208
93,102,4209
97,98,4210
100,96,4211
109,95,4212
112,95,4213
119,98,4214
122,100,4215
128,108,4216
129,109,4217
132,122,4218
132,127,4219
130,137,4220
128,142,4221
124,148,4222
117,154,4223
111,157,4224
108,158,4225
101,159,4226
94,158,4227
81,151,4228
75,145,4229
70,136,4230
68,131,4231
66,119,4232
66,114,4233
67,105,4234
71,94,4235
82,80,4236
87,76,4237
95,72,4238
106,70,4239
112,70,4240
129,76,4241
131,77,4242
138,83,4243
146,94,4244
152,109,4245
154,121,4246
154,126,4247
151,144,4248
148,152,4249
139,166,4250
135,170,4251
122,179,4252
115,182,4253
101,184,4254
80,179,4255
73,175,4256
60,163,4257
57,159,4258
46,133,4259
45,129,4260
44,117,4261
47,96,4262
53,80,4263
57,73,4264
75,55,4265
86,49,4266
103,45,4267
112,45,4268
130,49,4269
140,54,4270
154,66,4271
163,78,4272
171,95,4273
174,107,4274
175,135,4275
176,125,4276
171,154,4277
164,170,4278
148,190,4279
136,199,4280
126,204,4281
99,209,4282
98,209,4283
66,199,4284
62,197,4285
44,180,4286
33,163,4287
25,140,4288
23,128,4289
23,106,4290
25,93,4291
35,66,4292
51,44,4293
63,34,4294
75,27,4295
100,20,4296
116,20,4297
127,22,4298
147,30,4299
169,48,4300
178,59,4301
187,75,4302
196,106,4303
197,112,4304
195,149,4305
187,174,4306
168,203,4307
154,216,4308
135,227,4309
127,230,4310
104,234,4311
75,230,4312
57,222,4313
38,208,4314
34,204,4315
10,166,4316
3,142,4317
1,111,4318
106,125,4319
101,118,4320
102,114,4321
105,130,4322
96,120,4323
96,123,4324
102,111,4325
95,115,4326
98,109,4327
99,108,4328
103,105,4329
108,104,4330
109,104,4331
117,108,4332
117,107,4333
122,115,4334
124,120,4335
124,124,4336
123,132,4337
123,133,4338
117,142,4339
112,146,4340
107,148,4341
104,149,4342
97,149,4343
88,145,4344
83,140,4345
82,140,4346
78,133,4347
75,124,4348
74,115,4349
75,109,4350
77,102,4351
78,98,4352
85,89,4353
98,81,4354
104,80,4355
108,79,4356
115,80,4357
130,88,4358
133,91,4359
140,101,4360
142,104,4361
145,120,4362
146,124,4363
143,141,4364
138,152,4365
132,160,4366
126,166,4367
113,172,4368
106,174,4369
98,174,4370
83,170,4371
79,168,4372
70,161,4373
66,157,4374
57,140,4375
54,131,4376
53,128,4377
54,102,4378
57,92,4379
63,79,4380
77,65,4381
92,57,4382
95,56,4383
110,54,4384
121,56,4385
138,64,4386
141,66,4387
159,89,4388
163,98,4389
166,109,4390
167,131,4391
166,140,4392
162,154,4393
147,178,4394
140,185,4395
135,189,4396
114,198,4397
105,199,4398
94,199,4399
74,193,4400
67,189,4401
53,177,4402
41,160,4403
35,144,4404
32,132,4405
31,109,4406
35,89,4407
42,71,4408
54,54,4409
61,47,4410
83,34,4411
95,30,4412
118,30,4413
128,32,4414
142,38,4415
159,50,4416
180,81,4417
184,91,4418
185,94,4419
189,128,4420
188,142,4421
177,175,4422
171,185,4423
152,206,4424
142,213,4425
116,223,4426
96,224,4427
81,222,4428
65,216,4429
38,195,4430
41,199,4431
18,163,4432
13,148,4433
9,118,4434
11,94,4435
14,81,4436
24,57,4437
46,29,4438
56,21,4439
69,13,4440
94,5,4441
121,5,4442
147,13,4443
165,24,4444
180,39,4445
104,119,4446
101,122,4447
104,128,4448
107,114,4449
99,125,4450
114,120,4451
108,111,4452
115,120,4453
116,122,4454
116,125,4455
114,132,4456
113,134,4457
108,138,4458
104,139,4459
100,140,4460
96,139,4461
92,137,4462
86,130,4463
84,126,4464
83,123,4465
83,112,4466
83,111,4467
88,100,4468
87,100,4469
94,93,4470
98,91,4471
107,89,4472
112,89,4473
120,92,4474
123,94,4475
127,97,4476
132,104,4477
137,119,4478
137,118,4479
137,130,4480
134,141,4481
128,151,4482
122,157,4483
118,160,4484
107,164,4485
96,164,4486
91,163,4487
87,162,4488
71,148,4489
70,147,4490
65,138,4491
63,133,4492
61,118,4493
61,111,4494
65,95,4495
75,79,4496
80,74,4497
87,69,4498
95,66,4499
110,64,4500
119,65,4501
128,69,4502
141,78,4503
142,79,4504
149,88,4505
157,108,4506
159,119,4507
157,141,4508
150,159,4509
145,167,4510
142,171,4511
133,179,4512
108,189,4513
105,190,4514
94,189,4515
77,184,4516
73,182,4517
56,167,4518
46,150,4519
44,145,4520
39,117,4521
40,105,4522
43,90,4523
49,76,4524
60,61,4525
74,49,4526
88,42,4527
102,39,4528
113,39,4529
121,40,4530
145,51,4531
157,61,4532
167,74,4533
177,97,4534
179,106,4535
181,123,4536
180,138,4537
168,173,4538
167,176,4539
146,199,4540
129,209,4541
116,213,4542
105,215,4543
82,212,4544
61,203,4545
42,186,4546
41,185,4547
25,158,4548
19,136,4549
18,129,4550
18,103,4551
21,87,4552
28,68,4553
42,46,4554
60,29,4555
70,23,4556
94,15,4557
107,13,4558
144,22,4559
153,27,4560
179,52,4561
182,55,4562
196,84,4563
202,112,4564
202,136,4565
196,165,4566
191,178,4567
174,205,4568
162,217,4569
144,229,4570
120,238,4571
102,240,4572
108,120,4573
108,122,4574
108,127,4575
108,129,4576
97,119,4577
97,116,4578
99,131,4579
102,109,4580
95,128,4581
92,123,4582
91,120,4583
90,117,4584
92,110,4585
93,107,4586
97,102,4587
99,101,4588
104,99,4589
112,99,4590
113,99,4591
120,103,4592
124,108,4593
127,113,4594
128,117,4595
129,127,4596
129,130,4597
126,138,4598
117,149,4599
119,148,4600
108,154,4601
105,155,4602
98,155,4603
93,154,4604
84,149,4605
80,146,4606
75,139,4607
70,125,4608
69,118,4609
70,108,4610
72,100,4611
74,95,4612
81,86,4613
86,81,4614
94,76,4615
110,74,4616
114,74,4617
121,76,4618
128,79,4619
143,96,4620
146,101,4621
149,111,4622
150,114,4623
150,134,4624
147,146,4625
145,151,4626
135,165,4627
131,169,4628
120,176,4629
105,180,4630
95,180,4631
78,174,4632
71,169,4633
61,159,4634
58,155,4635
53,145,4636
48,123,4637
47,115,4638
53,88,4639
56,82,4640
61,73,4641
69,64,4642
84,54,4643
99,49,4644
109,48,4645
125,51,4646
138,57,4647
149,66,4648
159,78,4649
165,89,4650
171,108,4651
172,132,4652
169,149,4653
164,163,4654
152,181,4655
143,190,4656
139,193,4657
124,201,4658
97,205,4659
94,205,4660
63,193,4661
53,185,4662
46,177,4663
40,169,4664
29,143,4665
26,125,4666
27,100,4667
33,78,4668
39,66,4669
48,52,4670
68,35,4671
88,26,4672
98,24,4673
119,24,4674
125,25,4675
158,42,4676
164,47,4677
177,64,4678
187,84,4679
194,116,4680
194,129,4681
191,153,4682
181,179,4683
169,197,4684
154,212,4685
135,223,4686
121,228,4687
83,228,4688
74,226,4689
51,214,4690
35,200,4691
27,190,4692
17,174,4693
9,153,4694
4,123,4695
4,108,4696
11,74,4697
30,38,4698
49,19,4699
99,121,4700
98,123,4701
98,126,4702
102,130,4703
110,113,4704
114,118,4705
106,110,4706
104,108,4707
109,108,4708
110,108,4709
113,109,4710
118,114,4711
119,116,4712
121,123,4713
121,126,4714
119,133,4715
119,134,4716
113,141,4717
109,144,4718
105,145,4719
98,145,4720
96,145,4721
91,143,4722
85,138,4723
80,130,4724
78,124,4725
78,113,4726
78,110,4727
80,103,4728
83,97,4729
88,91,4730
97,85,4731
100,84,4732
110,83,4733
118,85,4734
123,87,4735
131,94,4736
138,104,4737
140,109,4738
142,119,4739
142,128,4740
142,132,4741
140,141,4742
126,161,4743
122,164,4744
119,166,4745
112,169,4746
96,170,4747
85,167,4748
78,163,4749
74,160,4750
66,151,4751
61,142,4752
56,123,4753
56,112,4754
59,96,4755
64,85,4756
70,76,4757
75,71,4758
91,61,4759
104,58,4760
111,58,4761
122,60,4762
139,69,4763
149,79,4764
155,88,4765
157,92,4766
163,111,4767
164,130,4768
162,143,4769
158,155,4770
151,168,4771
144,177,4772
133,186,4773
121,192,4774
89,194,4775
84,193,4776
76,190,4777
66,184,4778
48,165,4779
42,154,4780
35,131,4781
34,113,4782
35,102,4783
39,86,4784
51,63,4785
63,50,4786
68,46,4787
85,37,4788
103,33,4789
113,33,4790
136,39,4791
148,46,4792
160,56,4793
174,76,4794
181,92,4795
185,111,4796
186,128,4797
180,160,4798
171,179,4799
159,195,4800
156,198,4801
130,215,4802
117,219,4803
100,221,4804
85,219,4805
60,209,4806
40,192,4807
28,176,4808
18,154,4809
16,147,4810
12,115,4811
14,95,4812
18,79,4813
29,55,4814
40,40,4815
56,25,4816
76,14,4817
114,8,4818
131,11,4819
145,16,4820
170,33,4821
174,37,4822
190,58,4823
198,74,4824
207,110,4825
205,151,4826
107,117,4827
107,115,4828
111,119,4829
107,112,4830
113,124,4831
113,125,4832
110,130,4833
111,130,4834
111,131,4835
106,135,4836
103,136,4837
99,136,4838
94,134,4839
91,131,4840
89,130,4841
87,125,4842
86,114,4843
86,113,4844
89,104,4845
89,103,4846
97,96,4847
98,95,4848
110,93,4849
107,92,4850
114,93,4851
120,96,4852
127,103,4853
129,105,4854
133,117,4855
134,127,4856
134,130,4857
130,142,4858
129,144,4859
125,150,4860
118,156,4861
108,160,4862
101,161,4863
98,161,4864
84,156,4865
75,148,4866
72,144,4867
67,134,4868
66,133,4869
64,118,4870
66,102,4871
69,94,4872
76,83,4873
85,75,4874
86,74,4875
102,68,4876
108,67,4877
122,70,4878
133,76,4879
140,82,4880
144,87,4881
152,101,4882
155,115,4883
156,122,4884
154,141,4885
148,156,4886
146,160,4887
141,167,4888
120,182,4889
118,183,4890
99,186,4891
90,185,4892
77,180,4893
60,166,4894
63,170,4895
50,151,4896
43,127,4897
42,120,4898
43,105,4899
48,86,4900
54,74,4901
67,59,4902
70,56,4903
87,46,4904
101,43,4905
122,44,4906
133,48,4907
139,51,4908
155,64,4909
169,85,4910
173,94,4911
177,131,4912
178,123,4913
174,151,4914
161,178,4915
160,180,4916
140,199,4917
132,204,4918
104,211,4919
107,211,4920
78,207,4921
70,204,4922
49,189,4923
35,171,4924
25,147,4925
23,140,4926
21,109,4927
21,104,4928
28,76,4929
43,50,4930
57,36,4931
74,25,4932
84,21,4933
97,18,4934
128,20,4935
135,22,4936
153,31,4937
172,48,4938
186,68,4939
195,92,4940
199,116,4941
199,132,4942
190,172,4943
187,179,4944
176,197,4945
152,220,4946
142,226,4947
121,234,4948
86,235,4949
74,232,4950
51,221,4951
32,205,4952
13,177,4953
99,117,4954
100,115,4955
107,129,4956
97,127,4957
95,121,4958
95,123,4959
104,109,4960
94,121,4961
94,114,4962
94,113,4963
95,110,4964
98,106,4965
103,103,4966
107,102,4967
112,102,4968
114,103,4969
120,107,4970
124,115,4971
125,118,4972
126,122,4973
125,131,4974
121,140,4975
118,144,4976
118,145,4977
114,148,4978
106,151,4979
94,150,4980
92,150,4981
85,145,4982
83,144,4983
76,134,4984
74,129,4985
73,126,4986
72,118,4987
74,104,4988
77,97,4989
87,85,4990
89,83,4991
100,78,4992
105,77,4993
115,78,4994
121,80,4995
128,83,4996
141,99,4997
145,108,4998
146,111,4999
147,131,5000
147,132,5001
144,145,5002
137,157,5003
130,165,5004
128,167,5005
113,175,5006
97,176,5007
95,176,5008
92,176,5009
72,165,5010
68,162,5011
59,150,5012
53,136,5013
51,112,5014
50,116,5015
55,92,5016
65,74,5017
68,70,5018
72,66,5019
94,54,5020
107,52,5021
112,52,5022
137,61,5023
136,60,5024
147,68,5025
162,90,5026
167,105,5027
169,117,5028
168,138,5029
164,154,5030
165,152,5031
155,172,5032
132,193,5033
124,197,5034
110,201,5035
93,201,5036
92,201,5037
71,194,5038
54,181,5039
41,164,5040
35,151,5041
31,138,5042
29,112,5043
30,101,5044
36,79,5045
44,64,5046
51,54,5047
70,38,5048
87,30,5049
105,27,5050
115,27,5051
134,32,5052
148,39,5053
169,58,5054
181,78,5055
187,94,5056
191,118,5057
187,154,5058
187,155,5059
183,167,5060
167,194,5061
143,215,5062
128,222,5063
122,224,5064
91,226,5065
76,223,5066
54,212,5067
43,203,5068
23,177,5069
20,173,5070
10,144,5071
7,120,5072
11,85,5073
17,67,5074
37,35,5075
35,37,5076
64,13,5077
89,4,5078
114,2,5079
127,4,5080
101,120,5081
103,126,5082
100,123,5083
105,128,5084
112,117,5085
110,114,5086
110,111,5087
113,113,5088
115,115,5089
117,119,5090
118,124,5091
118,126,5092
116,132,5093
113,137,5094
111,139,5095
105,141,5096
103,142,5097
92,139,5098
93,140,5099
87,135,5100
82,125,5101
81,123,5102
81,116,5103
80,116,5104
82,106,5105
85,100,5106
93,92,5107
95,90,5108
104,87,5109
112,87,5110
117,88,5111
119,89,5112
131,99,5113
134,103,5114
138,114,5115
139,119,5116
138,134,5117
138,135,5118
136,142,5119
130,152,5120
123,159,5121
117,163,5122
106,167,5123
88,164,5124
83,162,5125
75,156,5126
74,156,5127
65,142,5128
62,136,5129
60,128,5130
59,114,5131
62,97,5132
62,96,5133
73,78,5134
82,70,5135
93,64,5136
103,62,5137
108,61,5138
123,64,5139
128,66,5140
147,82,5141
154,93,5142
155,95,5143
160,112,5144
161,126,5145
161,131,5146
152,160,5147
144,171,5148
143,173,5149
131,183,5150
115,190,5151
104,192,5152
86,190,5153
78,187,5154
57,171,5155
49,160,5156
45,153,5157
40,139,5158
37,120,5159
40,94,5160
47,76,5161
52,67,5162
64,54,5163
67,51,5164
90,39,5165
112,37,5166
118,37,5167
132,41,5168
145,48,5169
166,69,5170
172,79,5171
178,93,5172
182,134,5173
183,126,5174
173,168,5175
165,182,5176
155,194,5177
150,199,5178
130,211,5179
114,216,5180
100,217,5181
77,213,5182
57,203,5183
39,186,5184
33,178,5185
21,152,5186
18,141,5187
15,116,5188
19,88,5189
27,65,5190
40,45,5191
53,32,5192
55,30,5193
84,15,5194
96,12,5195
134,16,5196
133,15,5197
161,30,5198
175,43,5199
190,65,5200
201,94,5201
204,115,5202
203,146,5203
200,159,5204
188,188,5205
165,217,5206
159,222,5207
108,119,5208
110,123,5209
110,126,5210
107,131,5211
106,132,5212
95,118,5213
98,112,5214
96,114,5215
98,132,5216
96,131,5217
93,129,5218
90,124,5219
89,121,5220
89,115,5221
89,112,5222
91,107,5223
94,102,5224
100,98,5225
103,97,5226
109,96,5227
115,98,5228
120,100,5229
122,102,5230
128,110,5231
130,115,5232
131,122,5233
130,131,5234
128,139,5235
125,144,5236
120,150,5237
118,152,5238
106,157,5239
99,157,5240
94,157,5241
88,154,5242
80,149,5243
72,137,5244
72,138,5245
68,124,5246
67,115,5247
69,104,5248
73,93,5249
74,91,5250
88,77,5251
90,76,5252
101,72,5253
106,71,5254
119,73,5255
130,78,5256
137,84,5257
140,87,5258
149,103,5259
152,115,5260
153,126,5261
150,142,5262
147,151,5263
138,165,5264
132,171,5265
123,177,5266
108,182,5267
97,182,5268
86,180,5269
83,179,5270
65,167,5271
56,155,5272
50,143,5273
47,132,5274
46,110,5275
46,105,5276
52,85,5277
62,69,5278
66,64,5279
85,51,5280
90,49,5281
97,47,5282
125,49,5283
137,54,5284
147,61,5285
155,69,5286
168,91,5287
172,103,5288
174,117,5289
174,134,5290
169,156,5291
163,169,5292
153,183,5293
145,191,5294
130,201,5295
108,207,5296
87,206,5297
75,202,5298
70,200,5299
51,186,5300
43,177,5301
30,152,5302
26,139,5303
24,114,5304
24,105,5305
37,65,5306
42,57,5307
51,46,5308
74,29,5309
95,22,5310
111,21,5311
126,23,5312
144,30,5313
170,51,5314
171,52,5315
183,70,5316
191,89,5317
196,131,5318
196,132,5319
189,166,5320
178,188,5321
169,200,5322
153,215,5323
122,230,5324
110,232,5325
90,232,5326
60,222,5327
47,214,5328
34,202,5329
21,185,5330
9,160,5331
2,121,5332
2,112,5333
4,93,5334
102,117,5335
104,127,5336
98,122,5337
104,130,5338
97,123,5339
104,110,5340
113,114,5341
98,111,5342
102,107,5343
105,106,5344
108,105,5345
111,106,5346
114,107,5347
120,114,5348
120,113,5349
122,117,5350
123,125,5351
121,133,5352
120,136,5353
117,141,5354
111,145,5355
106,147,5356
101,148,5357
98,148,5358
89,144,5359
86,142,5360
78,129,5361
79,133,5362
76,114,5363
75,117,5364
77,105,5365
79,100,5366
87,89,5367
89,87,5368
100,82,5369
105,81,5370
116,82,5371
122,84,5372
129,89,5373
135,95,5374
139,102,5375
142,109,5376
144,116,5377
142,140,5378
140,146,5379
133,157,5380
126,164,5381
121,167,5382
113,171,5383
102,173,5384
89,171,5385
84,169,5386
70,159,5387
69,158,5388
59,142,5389
55,131,5390
54,120,5391
54,109,5392
59,90,5393
61,86,5394
73,70,5395
78,65,5396
97,57,5397
111,56,5398
114,56,5399
129,60,5400
137,65,5401
150,77,5402
154,82,5403
163,103,5404
166,119,5405
166,129,5406
165,139,5407
157,162,5408
148,175,5409
135,187,5410
122,194,5411
112,197,5412
103,198,5413
80,194,5414
65,186,5415
54,176,5416
46,166,5417
38,150,5418
34,137,5419
32,115,5420
34,96,5421
41,76,5422
50,61,5423
63,47,5424
77,38,5425
86,34,5426
113,31,5427
123,32,5428
146,42,5429
158,51,5430
166,60,5431
181,86,5432
185,100,5433
188,121,5434
184,153,5435
179,168,5436
169,186,5437
160,197,5438
139,213,5439
133,216,5440
119,221,5441
99,223,5442
74,218,5443
59,211,5444
50,205,5445
23,171,5446
22,170,5447
11,129,5448
10,116,5449
19,71,5450
21,66,5451
29,51,5452
50,27,5453
73,13,5454
98,6,5455
96,6,5456
136,10,5457
148,15,5458
177,37,5459
179,39,5460
201,77,5461
104,120,5462
105,117,5463
104,116,5464
101,125,5465
105,112,5466
100,128,5467
114,122,5468
115,123,5469
115,125,5470
113,131,5471
110,135,5472
109,136,5473
103,138,5474
99,138,5475
96,138,5476
89,132,5477
87,130,5478
85,124,5479
84,120,5480
83,116,5481
85,108,5482
88,102,5483
92,97,5484
92,96,5485
102,91,5486
107,90,5487
116,92,5488
118,92,5489
129,102,5490
130,103,5491
135,115,5492
135,114,5493
136,126,5494
136,131,5495
128,149,5496
129,148,5497
121,156,5498
110,162,5499
105,163,5500
98,163,5501
85,159,5502
78,154,5503
74,151,5504
66,136,5505
63,126,5506
62,121,5507
62,116,5508
65,99,5509
68,91,5510
76,80,5511
81,75,5512
88,70,5513
100,66,5514
116,66,5515
117,66,5516
130,71,5517
145,85,5518
148,89,5519
155,104,5520
157,112,5521
158,125,5522
157,137,5523
146,163,5524
144,166,5525
137,174,5526
122,184,5527
107,188,5528
98,188,5529
82,185,5530
65,174,5531
57,166,5532
53,161,5533
48,152,5534
41,127,5535
40,116,5536
43,96,5537
52,74,5538
54,70,5539
62,60,5540
87,44,5541
98,41,5542
110,40,5543
123,42,5544
143,51,5545
150,56,5546
163,71,5547
170,82,5548
178,106,5549
179,133,5550
178,143,5551
171,165,5552
167,173,5553
152,192,5554
143,200,5555
122,210,5556
108,213,5557
83,211,5558
73,208,5559
53,195,5560
47,190,5561
30,166,5562
21,140,5563
20,135,5564
19,106,5565
22,89,5566
28,71,5567
42,48,5568
57,33,5569
64,28,5570
90,17,5571
111,15,5572
133,19,5573
151,27,5574
172,45,5575
178,52,5576
196,89,5577
196,87,5578
201,130,5579
201,136,5580
190,177,5581
176,200,5582
157,219,5583
160,217,5584
135,232,5585
108,238,5586
84,237,5587
59,228,5588
107,122,5589
108,121,5590
107,127,5591
98,119,5592
98,116,5593
99,113,5594
102,132,5595
96,128,5596
94,125,5597
92,119,5598
92,114,5599
92,113,5600
95,107,5601
97,104,5602
99,102,5603
106,100,5604
112,100,5605
116,102,5606
122,107,5607
124,110,5608
127,118,5609
128,121,5610
127,130,5611
128,129,5612
124,140,5613
117,148,5614
111,151,5615
108,153,5616
101,154,5617
95,153,5618
86,149,5619
82,146,5620
78,141,5621
75,137,5622
71,123,5623
70,116,5624
73,102,5625
77,93,5626
78,91,5627
82,86,5628
92,79,5629
104,75,5630
101,75,5631
124,79,5632
132,84,5633
133,85,5634
140,92,5635
148,112,5636
148,111,5637
149,130,5638
148,138,5639
141,155,5640
142,154,5641
130,168,5642
118,175,5643
114,177,5644
94,178,5645
93,178,5646
83,175,5647
65,162,5648
60,155,5649
52,139,5650
49,124,5651
49,113,5652
49,108,5653
54,88,5654
63,73,5655
74,62,5656
73,62,5657
96,51,5658
105,50,5659
115,50,5660
127,53,5661
145,64,5662
160,82,5663
167,98,5664
169,104,5665
171,130,5666
171,132,5667
165,157,5668
156,174,5669
152,179,5670
133,195,5671
123,200,5672
104,204,5673
80,200,5674
74,198,5675
65,193,5676
54,184,5677
43,171,5678
31,145,5679
29,138,5680
28,103,5681
27,106,5682
41,65,5683
52,50,5684
66,38,5685
80,30,5686
101,25,5687
115,25,5688
126,27,5689
140,32,5690
162,47,5691
175,63,5692
187,87,5693
192,110,5694
193,129,5695
189,155,5696
186,164,5697
173,190,5698
163,202,5699
140,219,5700
127,225,5701
98,229,5702
76,225,5703
54,214,5704
56,216,5705
25,185,5706
23,182,5707
9,148,5708
6,133,5709
7,94,5710
7,93,5711
22,52,5712
38,31,5713
51,19,5714
72,7,5715
103,124,5716
100,121,5717
104,114,5718
113,117,5719
97,125,5720
98,129,5721
108,110,5722
109,109,5723
112,110,5724
116,114,5725
116,113,5726
118,116,5727
120,123,5728
119,129,5729
119,131,5730
112,140,5731
113,140,5732
105,143,5733
103,144,5734
97,144,5735
89,139,5736
89,140,5737
85,136,5738
80,127,5739
79,121,5740
79,111,5741
81,105,5742
82,101,5743
88,93,5744
94,88,5745
98,86,5746
101,85,5747
114,85,5748
116,85,5749
131,96,5750
129,93,5751
138,108,5752
140,113,5753
141,128,5754
141,130,5755
136,146,5756
136,147,5757
130,156,5758
118,165,5759
109,168,5760
103,169,5761
91,168,5762
78,161,5763
71,155,5764
67,150,5765
60,136,5766
59,133,5767
57,120,5768
57,111,5769
62,92,5770
63,89,5771
76,72,5772
78,70,5773
95,61,5774
106,59,5775
120,61,5776
134,67,5777
142,73,5778
144,75,5779
156,93,5780
159,100,5781
163,121,5782
161,141,5783
161,143,5784
155,159,5785
148,170,5786
136,182,5787
127,188,5788
106,194,5789
89,193,5790
74,187,5791
67,183,5792
51,167,5793
50,166,5794
38,139,5795
36,129,5796
35,119,5797
40,87,5798
45,75,5799
51,65,5800
64,51,5801
81,40,5802
89,37,5803
107,34,5804
130,38,5805
137,41,5806
149,48,5807
169,70,5808
178,87,5809
184,114,5810
185,126,5811
179,158,5812
179,160,5813
164,187,5814
158,194,5815
139,209,5816
115,218,5817
108,219,5818
87,218,5819
66,211,5820
49,199,5821
32,180,5822
23,163,5823
20,156,5824
14,128,5825
13,117,5826
22,72,5827
29,57,5828
41,41,5829
53,29,5830
83,13,5831
86,12,5832
109,9,5833
144,17,5834
153,22,5835
169,34,5836
188,57,5837
197,75,5838
203,94,5839
205,143,5840
206,138,5841
194,181,5842
108,118,5843
110,119,5844
109,116,5845
106,113,5846
112,124,5847
112,125,5848
110,129,5849
108,132,5850
106,134,5851
101,135,5852
97,134,5853
95,133,5854
93,132,5855
89,126,5856
87,122,5857
87,115,5858
87,112,5859
92,102,5860
90,104,5861
97,97,5862
104,95,5863
106,94,5864
111,94,5865
118,96,5866
123,100,5867
128,106,5868
132,118,5869
133,120,5870
133,124,5871
131,137,5872
129,142,5873
124,149,5874
117,155,5875
112,158,5876
98,159,5877
95,159,5878
87,156,5879
82,153,5880
75,146,5881
69,136,5882
66,124,5883
65,119,5884
65,115,5885
67,103,5886
72,91,5887
83,78,5888
89,74,5889
96,71,5890
104,69,5891
120,71,5892
121,71,5893
136,80,5894
140,84,5895
149,98,5896
151,103,5897
154,113,5898
154,134,5899
153,140,5900
148,154,5901
139,167,5902
130,175,5903
128,177,5904
107,184,5905
93,184,5906
85,182,5907
76,178,5908
59,163,5909
51,150,5910
51,151,5911
44,124,5912
44,108,5913
46,96,5914
49,87,5915
57,72,5916
72,56,5917
82,50,5918
103,44,5919
119,45,5920
115,44,5921
144,56,5922
150,61,5923
160,72,5924
172,96,5925
173,99,5926
176,132,5927
175,141,5928
172,154,5929
159,179,5930
148,191,5931
138,199,5932
123,206,5933
113,209,5934
87,208,5935
78,206,5936
56,193,5937
48,186,5938
30,158,5939
26,147,5940
22,122,5941
22,108,5942
25,90,5943
32,70,5944
48,46,5945
63,33,5946
80,24,5947
101,19,5948
114,19,5949
127,21,5950
162,40,5951
159,37,5952
179,59,5953
192,86,5954
193,88,5955
198,129,5956
197,142,5957
189,171,5958
181,187,5959
158,214,5960
143,224,5961
113,234,5962
99,235,5963
89,234,5964
67,228,5965
49,218,5966
27,197,5967
13,175,5968
4,149,5969
105,121,5970
105,127,5971
100,117,5972
101,115,5973
102,131,5974
96,124,5975
103,110,5976
94,118,5977
96,111,5978
98,108,5979
101,105,5980
104,104,5981
108,103,5982
114,105,5983
114,104,5984
121,111,5985
123,114,5986
124,127,5987
125,125,5988
125,127,5989
121,138,5990
116,144,5991
112,147,5992
109,149,5993
103,150,5994
94,149,5995
87,145,5996
89,147,5997
80,138,5998
75,127,5999
75,128,6000
73,117,6001
75,106,6002
76,101,6003
80,94,6004
90,84,6005
99,80,6006
103,79,6007
114,79,6008
118,80,6009
130,87,6010
135,92,6011
138,95,6012
145,114,6013
146,119,6014
145,136,6015
144,140,6016
140,150,6017
136,157,6018
125,167,6019
119,171,6020
111,174,6021
92,174,6022
85,172,6023
76,167,6024
72,164,6025
61,150,6026
57,143,6027
52,124,6028
52,112,6029
54,99,6030
55,94,6031
66,75,6032
77,64,6033
89,57,6034
99,54,6035
98,54,6036
129,58,6037
132,59,6038
148,72,6039
152,76,6040
163,95,6041
166,105,6042
168,128,6043
167,139,6044
156,167,6045
151,175,6046
147,180,6047
139,187,6048
120,197,6049
105,200,6050
89,199,6051
79,196,6052
67,190,6053
47,171,6054
39,157,6055
34,144,6056
30,122,6057
33,93,6058
33,92,6059
40,73,6060
48,60,6061
68,41,6062
82,33,6063
101,29,6064
108,28,6065
127,31,6066
146,39,6067
170,62,6068
171,63,6069
182,83,6070
188,105,6071
190,121,6072
186,154,6073
181,168,6074
174,182,6075
159,201,6076
132,219,6077
120,223,6078
96,225,6079
78,222,6080
62,215,6081
56,212,6082
29,185,6083
15,157,6084
12,146,6085
10,139,6086
9,102,6087
17,70,6088
21,61,6089
52,23,6090
60,17,6091
67,13,6092
95,4,6093
120,4,6094
131,6,6095
168,26,6096
103,120,6097
102,123,6098
102,126,6099
111,117,6100
109,114,6101
104,112,6102
101,129,6103
115,118,6104
116,119,6105
117,124,6106
116,128,6107
116,130,6108
111,137,6109
108,139,6110
106,140,6111
101,141,6112
96,140,6113
90,136,6114
86,132,6115
85,130,6116
82,120,6117
82,113,6118
86,102,6119
84,104,6120
88,98,6121
94,92,6122
103,89,6123
104,88,6124
115,89,6125
120,91,6126
126,95,6127
127,96,6128
134,106,6129
136,110,6130
138,126,6131
138,129,6132
131,148,6133
130,150,6134
125,156,6135
116,162,6136
111,164,6137
96,165,6138
101,166,6139
80,158,6140
73,152,6141
67,144,6142
64,138,6143
61,122,6144
60,119,6145
62,102,6146
67,89,6147
72,81,6148
75,77,6149
86,69,6150
100,64,6151
104,63,6152
121,65,6153
130,69,6154
134,71,6155
144,80,6156
153,94,6157
156,101,6158
160,123,6159
159,134,6160
154,153,6161
153,156,6162
139,175,6163
126,184,6164
119,188,6165
96,190,6166
93,190,6167
79,186,6168
70,181,6169
53,164,6170
48,156,6171
42,141,6172
39,126,6173
38,116,6174
40,99,6175
54,67,6176
59,61,6177
69,51,6178
81,44,6179
102,38,6180
113,38,6181
132,43,6182
141,47,6183
159,62,6184
170,78,6185
178,98,6186
179,102,6187
182,125,6188
179,146,6189
177,156,6190
164,181,6191
152,195,6192
131,209,6193
132,209,6194
92,215,6195
78,212,6196
57,201,6197
54,199,6198
36,180,6199
24,157,6200
19,141,6201
17,123,6202
17,106,6203
25,73,6204
32,59,6205
39,48,6206
56,31,6207
77,19,6208
99,13,6209
122,14,6210
144,21,6211
157,29,6212
162,32,6213
188,64,6214
199,91,6215
202,106,6216
203,131,6217
199,158,6218
191,180,6219
175,205,6220
165,215,6221
138,233,6222
112,240,6223
106,119,6224
109,123,6225
109,126,6226
96,118,6227
104,132,6228
97,114,6229
100,132,6230
100,110,6231
97,130,6232
94,128,6233
91,123,6234
90,120,6235
90,115,6236
91,110,6237
93,105,6238
95,103,6239
100,99,6240
106,98,6241
112,98,6242
113,98,6243
122,104,6244
125,107,6245
126,109,6246
129,118,6247
130,126,6248
129,132,6249
125,141,6250
123,145,6251
116,151,6252
111,154,6253
105,156,6254
101,156,6255
91,154,6256
88,153,6257
76,142,6258
73,137,6259
69,123,6260
69,111,6261
68,117,6262
72,98,6263
76,91,6264
82,83,6265
83,82,6266
98,74,6267
105,73,6268
118,74,6269
126,77,6270
137,86,6271
139,88,6272
147,102,6273
148,104,6274
151,130,6275
151,134,6276
150,139,6277
140,160,6278
137,164,6279
127,173,6280
122,176,6281
105,181,6282
98,181,6283
80,176,6284
75,173,6285
64,164,6286
55,151,6287
48,130,6288
47,125,6289
47,109,6290
52,89,6291
52,88,6292
64,68,6293
73,60,6294
82,54,6295
91,50,6296
117,48,6297
121,49,6298
139,57,6299
153,69,6300
163,83,6301
169,97,6302
173,118,6303
173,128,6304
170,149,6305
162,168,6306
161,170,6307
143,191,6308
139,194,6309
113,205,6310
105,206,6311
85,204,6312
66,196,6313
50,183,6314
48,181,6315
34,159,6316
29,146,6317
25,120,6318
26,101,6319
36,70,6320
34,73,6321
51,48,6322
62,38,6323
73,31,6324
101,23,6325
120,23,6326
141,30,6327
157,40,6328
170,53,6329
178,64,6330
189,87,6331
195,120,6332
195,122,6333
194,141,6334
185,172,6335
171,196,6336
156,211,6337
143,220,6338
114,230,6339
97,231,6340
82,229,6341
51,215,6342
40,206,6343
32,198,6344
10,159,6345
4,132,6346
3,121,6347
5,95,6348
9,77,6349
26,42,6350
105,122,6351
103,127,6352
99,122,6353
111,113,6354
100,130,6355
105,110,6356
114,117,6357
101,109,6358
105,107,6359
109,107,6360
114,109,6361
118,113,6362
119,114,6363
121,119,6364
122,121,6365
121,129,6366
121,131,6367
116,139,6368
115,141,6369
111,144,6370
103,146,6371
96,146,6372
94,145,6373
88,142,6374
82,135,6375
81,134,6376
77,120,6377
77,113,6378
78,107,6379
80,101,6380
82,97,6381
88,90,6382
93,86,6383
99,83,6384
107,82,6385
116,83,6386
128,90,6387
131,92,6388
138,102,6389
140,107,6390
143,121,6391
143,128,6392
142,137,6393
137,149,6394
126,162,6395
125,163,6396
119,167,6397
99,171,6398
96,171,6399
91,170,6400
75,162,6401
69,156,6402
64,149,6403
59,139,6404
55,121,6405
55,114,6406
59,94,6407
60,91,6408
69,76,6409
76,69,6410
89,61,6411
93,59,6412
109,57,6413
127,61,6414
139,68,6415
144,72,6416
150,79,6417
161,100,6418
162,102,6419
165,123,6420
162,146,6421
158,157,6422
153,167,6423
143,179,6424
131,188,6425
117,194,6426
95,196,6427
93,196,6428
76,191,6429
54,174,6430
53,173,6431
39,149,6432
36,139,6433
33,119,6434
35,98,6435
41,79,6436
46,69,6437
62,50,6438
64,48,6439
78,39,6440
104,32,6441
112,32,6442
138,39,6443
150,46,6444
159,54,6445
169,66,6446
180,87,6447
185,105,6448
186,137,6449
182,156,6450
170,182,6451
166,188,6452
155,200,6453
127,217,6454
124,218,6455
91,221,6456
75,217,6457
60,210,6458
38,191,6459
33,185,6460
19,159,6461
14,141,6462
12,132,6463
15,87,6464
21,69,6465
27,57,6466
37,42,6467
62,20,6468
85,10,6469
103,7,6470
122,8,6471
140,13,6472
168,30,6473
182,45,6474
192,60,6475
203,86,6476
208,132,6477
110,118,6478
109,115,6479
104,113,6480
112,119,6481
113,122,6482
112,128,6483
113,127,6484
113,128,6485
112,131,6486
109,134,6487
106,136,6488
103,137,6489
100,137,6490
93,134,6491
92,134,6492
87,127,6493
86,125,6494
85,116,6495
85,113,6496
85,111,6497
91,100,6498
94,97,6499
101,93,6500
104,92,6501
113,92,6502
118,94,6503
127,102,6504
128,102,6505
133,113,6506
134,116,6507
135,122,6508
134,133,6509
131,142,6510
132,141,6511
123,153,6512
116,158,6513
106,161,6514
100,162,6515
90,160,6516
86,158,6517
74,148,6518
69,140,6519
71,145,6520
64,122,6521
63,116,6522
65,103,6523
69,92,6524
75,83,6525
83,75,6526
90,71,6527
102,67,6528
112,67,6529
122,69,6530
130,73,6531
141,82,6532
146,88,6533
154,106,6534
156,115,6535
157,123,6536
156,134,6537
150,154,6538
151,153,6539
137,172,6540
120,183,6541
118,184,6542
105,187,6543
84,184,6544
72,178,6545
64,172,6546
52,156,6547
50,153,6548
43,133,6549
42,126,6550
43,100,6551
46,89,6552
57,69,6553
64,60,6554
71,54,6555
91,44,6556
113,42,6557
125,44,6558
133,47,6559
139,50,6560
157,65,6561
164,74,6562
175,100,6563
178,115,6564
178,134,6565
175,149,6566
171,162,6567
157,185,6568
142,199,6569
131,205,6570
125,208,6571
101,212,6572
89,211,6573
65,202,6574
52,193,6575
37,175,6576
30,163,6577
21,134,6578
20,122,6579
23,89,6580
27,77,6581
34,62,6582
51,40,6583
72,25,6584
92,18,6585
101,17,6586
119,17,6587
154,31,6588
148,27,6589
167,41,6590
182,60,6591
194,86,6592
200,121,6593
200,129,6594
196,157,6595
191,172,6596
176,198,6597
156,218,6598
136,230,6599
128,233,6600
82,235,6601
74,233,6602
48,220,6603
23,195,6604
106,121,6605
106,127,6606
99,119,6607
99,116,6608
106,130,6609
102,110,6610
95,125,6611
94,123,6612
93,119,6613
93,115,6614
94,111,6615
96,107,6616
99,104,6617
104,102,6618
106,101,6619
110,101,6620
114,102,6621
121,108,6622
124,112,6623
125,114,6624
127,124,6625
125,134,6626
123,138,6627
124,138,6628
119,145,6629
109,151,6630
100,152,6631
101,153,6632
91,150,6633
87,148,6634
83,145,6635
78,139,6636
74,131,6637
72,124,6638
72,110,6639
73,105,6640
78,94,6641
83,87,6642
89,82,6643
97,78,6644
108,76,6645
115,77,6646
120,78,6647
133,87,6648
141,97,6649
143,100,6650
147,111,6651
148,122,6652
148,131,6653
144,146,6654
135,161,6655
137,159,6656
124,171,6657
120,173,6658
104,177,6659
93,177,6660
81,172,6661
70,165,6662
66,161,6663
56,146,6664
51,129,6665
50,124,6666
50,112,6667
56,88,6668
58,83,6669
62,76,6670
82,58,6671
89,55,6672
93,53,6673
116,52,6674
130,56,6675
138,60,6676
149,69,6677
158,81,6678
164,93,6679
169,111,6680
170,125,6681
167,148,6682
165,154,6683
151,178,6684
141,188,6685
134,193,6686
118,200,6687
111,202,6688
80,199,6689
70,194,6690
57,185,6691
43,169,6692
37,158,6693
29,130,6694
28,114,6695
30,96,6696
35,80,6697
43,63,6698
57,47,6699
77,33,6700
92,28,6701
102,26,6702
124,28,6703
143,35,6704
151,40,6705
176,67,6706
182,78,6707
189,99,6708
191,110,6709
192,124,6710
187,158,6711
177,181,6712
161,202,6713
152,210,6714
133,221,6715
116,226,6716
103,228,6717
69,221,6718
50,210,6719
33,194,6720
25,182,6721
15,163,6722
8,137,6723
6,117,6724
12,79,6725
13,75,6726
28,45,6727
41,29,6728
76,7,6729
75,7,6730
105,1,6731
104,121,6732
102,124,6733
99,126,6734
103,112,6735
113,118,6736
112,115,6737
97,128,6738
111,111,6739
113,112,6740
117,117,6741
118,120,6742
119,124,6743
118,129,6744
116,134,6745
115,136,6746
110,140,6747
106,142,6748
97,142,6749
93,141,6750
90,139,6751
87,136,6752
83,131,6753
81,125,6754
80,120,6755
80,110,6756
82,105,6757
85,99,6758
91,92,6759
98,88,6760
103,86,6761
112,86,6762
119,88,6763
124,91,6764
128,94,6765
133,100,6766
138,111,6767
140,122,6768
139,134,6769
138,139,6770
136,144,6771
125,158,6772
127,157,6773
113,166,6774
98,167,6775
93,167,6776
85,164,6777
84,164,6778
69,150,6779
66,146,6780
60,131,6781
59,128,6782
58,116,6783
59,105,6784
65,88,6785
73,77,6786
79,71,6787
94,63,6788
101,61,6789
115,61,6790
125,64,6791
137,71,6792
142,75,6793
153,89,6794
159,104,6795
161,117,6796
162,122,6797
160,141,6798
149,166,6799
152,162,6800
134,182,6801
123,188,6802
111,192,6803
99,193,6804
87,191,6805
74,186,6806
57,172,6807
48,160,6808
42,148,6809
37,127,6810
36,117,6811
38,100,6812
39,94,6813
49,71,6814
60,56,6815
76,44,6816
95,37,6817
102,36,6818
122,37,6819
140,44,6820
155,55,6821
159,59,6822
172,77,6823
178,91,6824
183,114,6825
181,147,6826
179,155,6827
162,187,6828
169,178,6829
138,208,6830
130,212,6831
118,216,6832
102,218,6833
88,217,6834
56,203,6835
43,192,6836
30,174,6837
19,148,6838
16,135,6839
15,110,6840
16,97,6841
21,78,6842
32,55,6843
44,39,6844
76,17,6845
92,12,6846
121,12,6847
129,13,6848
138,16,6849
166,33,6850
185,55,6851
194,71,6852
201,91,6853
205,116,6854
204,143,6855
194,178,6856
189,188,6857
174,209,6858
105,119,6859
109,119,6860
107,116,6861
111,124,6862
111,125,6863
108,113,6864
110,128,6865
105,133,6866
100,133,6867
98,133,6868
96,132,6869
93,130,6870
89,123,6871
88,119,6872
88,114,6873
89,110,6874
91,105,6875
97,99,6876
98,98,6877
103,96,6878
112,96,6879
116,97,6880
121,100,6881
125,104,6882
127,107,6883
130,113,6884
131,129,6885
131,132,6886
130,136,6887
128,141,6888
120,151,6889
119,152,6890
105,158,6891
98,158,6892
93,157,6893
86,154,6894
77,146,6895
75,144,6896
68,129,6897
67,124,6898
67,111,6899
68,104,6900
72,93,6901
77,86,6902
84,79,6903
88,76,6904
101,71,6905
114,71,6906
122,73,6907
128,76,6908
140,86,6909
145,93,6910
151,107,6911
153,117,6912
153,131,6913
153,133,6914
147,153,6915
146,155,6916
133,171,6917
123,178,6918
112,182,6919
96,183,6920
95,183,6921
79,178,6922
65,168,6923
55,155,6924
49,142,6925
47,135,6926
45,110,6927
45,109,6928
49,91,6929
53,81,6930
67,62,6931
81,52,6932
85,50,6933
115,46,6934
117,46,6935
131,50,6936
146,59,6937
156,69,6938
163,79,6939
171,97,6940
175,118,6941
175,131,6942
169,158,6943
167,163,6944
155,182,6945
144,193,6946
127,203,6947
109,208,6948
88,207,6949
77,204,6950
62,196,6951
48,184,6952
39,172,6953
27,146,6954
24,131,6955
23,122,6956
26,91,6957
33,71,6958
41,57,6959
54,42,6960
74,28,6961
91,22,6962
105,20,6963
125,22,6964
144,29,6965
171,51,6966
178,60,6967
184,70,6968
192,90,6969
197,128,6970
195,147,6971
189,168,6972
177,191,6973
158,212,6974
144,222,6975
131,228,6976
110,233,6977
81,231,6978
77,230,6979
50,217,6980
27,195,6981
20,185,6982
9,162,6983
3,139,6984
2,101,6985
101,117,6986
102,115,6987
107,128,6988
97,122,6989
97,124,6990
97,126,6991
106,109,6992
96,113,6993
98,110,6994
102,106,6995
105,105,6996
110,105,6997
115,107,6998
119,111,6999
120,111,7000
123,119,7001
123,118,7002
123,129,7003
122,133,7004
121,137,7005
115,143,7006
109,147,7007
104,148,7008
100,149,7009
92,147,7010
86,143,7011
81,137,7012
81,138,7013
76,125,7014
75,120,7015
75,110,7016
78,101,7017
81,95,7018
82,93,7019
88,87,7020
100,81,7021
109,80,7022
111,80,7023
122,83,7024
129,88,7025
135,94,7026
139,100,7027
142,105,7028
145,126,7029
145,129,7030
141,145,7031
137,153,7032
129,162,7033
122,168,7034
107,173,7035
110,173,7036
94,173,7037
82,169,7038
73,163,7039
64,153,7040
59,145,7041
55,132,7042
53,121,7043
54,104,7044
58,91,7045
60,86,7046
66,76,7047
86,60,7048
94,57,7049
104,55,7050
114,55,7051
134,62,7052
141,67,7053
145,70,7054
158,88,7055
164,103,7056
167,120,7057
167,124,7058
163,150,7059
158,162,7060
141,183,7061
138,186,7062
129,192,7063
110,198,7064
91,198,7065
80,195,7066
68,189,7067
52,175,7068
48,170,7069
40,157,7070
32,126,7071
31,119,7072
32,104,7073
39,79,7074
43,70,7075
62,47,7076
75,38,7077
103,30,7078
101,30,7079
125,32,7080
135,35,7081
152,45,7082
171,65,7083
179,80,7084
187,105,7085
188,135,7086
188,138,7087
184,157,7088
177,174,7089
160,198,7090
139,214,7091
122,221,7092
104,224,7093
90,223,7094
76,220,7095
49,205,7096
36,192,7097
33,189,7098
16,156,7099
11,136,7100
10,107,7101
13,87,7102
20,66,7103
36,40,7104
50,26,7105
81,9,7106
92,6,7107
98,5,7108
132,8,7109
150,15,7110
169,28,7111
198,68,7112
102,122,7113
110,117,7114
100,125,7115
108,114,7116
103,113,7117
99,128,7118
114,121,7119
115,121,7120
116,124,7121
115,128,7122
114,131,7123
111,136,7124
107,138,7125
100,139,7126
101,140,7127
95,138,7128
89,134,7129
86,129,7130
84,124,7131
83,120,7132
84,109,7133
86,104,7134
90,98,7135
90,97,7136
92,95,7137
102,90,7138
110,90,7139
114,90,7140
123,95,7141
127,98,7142
132,105,7143
134,109,7144
137,122,7145
137,126,7146
134,140,7147
129,149,7148
125,154,7149
117,160,7150
113,162,7151
105,164,7152
90,162,7153
82,158,7154
84,160,7155
71,147,7156
67,141,7157
64,134,7158
62,126,7159
63,103,7160
63,102,7161
69,88,7162
80,75,7163
82,73,7164
88,69,7165
112,65,7166
115,65,7167
121,66,7168
134,73,7169
140,78,7170
147,86,7171
152,94,7172
158,130,7173
159,126,7174
156,143,7175
147,163,7176
148,162,7177
135,177,7178
119,186,7179
104,189,7180
96,189,7181
79,184,7182
71,180,7183
63,174,7184
53,162,7185
46,149,7186
42,137,7187
41,102,7188
43,93,7189
49,77,7190
56,66,7191
72,51,7192
87,43,7193
98,40,7194
107,39,7195
126,42,7196
132,44,7197
156,61,7198
163,69,7199
167,75,7200
176,95,7201
180,118,7202
180,133,7203
174,160,7204
167,174,7205
163,181,7206
132,207,7207
130,208,7208
97,214,7209
91,214,7210
66,205,7211
59,201,7212
46,190,7213
35,176,7214
23,151,7215
20,139,7216
19,101,7217
23,82,7218
29,67,7219
41,48,7220
47,41,7221
71,23,7222
83,18,7223
107,14,7224
114,14,7225
143,22,7226
164,36,7227
189,69,7228
191,72,7229
200,102,7230
202,130,7231
200,147,7232
193,172,7233
184,190,7234
176,202,7235
160,218,7236
125,236,7237
109,239,7238
81,237,7239
105,120,7240
108,123,7241
108,126,7242
107,130,7243
97,118,7244
98,114,7245
100,111,7246
98,130,7247
94,126,7248
92,122,7249
91,118,7250
91,114,7251
94,107,7252
96,104,7253
96,103,7254
103,100,7255
110,99,7256
113,100,7257
118,102,7258
123,107,7259
126,113,7260
128,118,7261
128,126,7262
129,123,7263
128,132,7264
122,144,7265
115,150,7266
116,150,7267
106,154,7268
102,155,7269
95,154,7270
88,151,7271
80,145,7272
79,144,7273
72,131,7274
70,123,7275
70,113,7276
72,102,7277
72,101,7278
77,91,7279
87,81,7280
96,76,7281
98,75,7282
115,75,7283
122,77,7284
132,83,7285
136,86,7286
145,101,7287
148,108,7288
150,120,7289
149,136,7290
148,141,7291
144,152,7292
141,157,7293
124,173,7294
123,174,7295
108,179,7296
102,180,7297
93,179,7298
83,176,7299
66,164,7300
61,158,7301
51,138,7302
49,130,7303
48,120,7304
49,102,7305
52,92,7306
64,71,7307
65,69,7308
76,59,7309
90,52,7310
104,49,7311
120,50,7312
140,59,7313
153,71,7314
159,79,7315
165,90,7316
168,98,7317
172,120,7318
171,137,7319
167,154,7320
163,164,7321
143,189,7322
135,195,7323
116,203,7324
94,204,7325
90,204,7326
79,201,7327
61,191,7328
51,182,7329
38,164,7330
32,151,7331
27,129,7332
26,113,7333
30,89,7334
34,77,7335
56,45,7336
54,46,7337
74,32,7338
101,24,7339
110,24,7340
126,26,7341
138,30,7342
163,47,7343
178,66,7344
186,83,7345
193,111,7346
193,109,7347
191,149,7348
190,155,7349
177,185,7350
163,203,7351
144,218,7352
118,228,7353
103,230,7354
67,222,7355
70,224,7356
49,212,7357
33,197,7358
13,163,7359
10,155,7360
5,129,7361
4,116,7362
8,85,7363
28,42,7364
27,43,7365
46,22,7366
104,124,7367
103,117,7368
100,122,7369
102,127,7370
101,130,7371
113,115,7372
109,110,7373
105,108,7374
108,108,7375
113,110,7376
115,111,7377
119,117,7378
120,120,7379
120,127,7380
120,130,7381
117,136,7382
116,138,7383
111,142,7384
106,144,7385
103,145,7386
96,144,7387
92,143,7388
85,137,7389
84,136,7390
80,129,7391
78,120,7392
80,106,7393
80,104,7394
82,100,7395
86,94,7396
94,87,7397
96,86,7398
111,84,7399
108,83,7400
123,88,7401
128,91,7402
136,102,7403
138,105,7404
141,115,7405
142,122,7406
141,133,7407
140,139,7408
137,147,7409
124,162,7410
115,167,7411
109,169,7412
104,170,7413
87,167,7414
82,165,7415
71,156,7416
68,153,7417
63,145,7418
57,127,7419
56,119,7420
59,98,7421
61,92,7422
67,81,7423
68,79,7424
84,65,7425
90,62,7426
114,59,7427
120,60,7428
124,61,7429
137,68,7430
152,84,7431
157,93,7432
160,101,7433
163,133,7434
164,124,7435
161,145,7436
151,167,7437
144,176,7438
135,184,7439
116,193,7440
106,195,7441
92,194,7442
80,191,7443
63,181,7444
52,170,7445
48,164,7446
38,142,7447
35,127,7448
35,105,7449
36,99,7450
47,70,7451
51,64,7452
65,49,7453
81,39,7454
99,34,7455
107,33,7456
126,36,7457
135,39,7458
157,54,7459
169,68,7460
182,98,7461
184,106,7462
184,140,7463
184,144,7464
177,166,7465
168,183,7466
148,204,7467
144,207,7468
123,217,7469
106,220,7470
87,219,7471
71,214,7472
58,207,7473
34,184,7474
28,175,7475
16,145,7476
13,126,7477
15,93,7478
14,97,7479
25,63,7480
35,47,7481
57,25,7482
83,12,7483
97,9,7484
107,8,7485
141,15,7486
148,18,7487
169,33,7488
182,47,7489
199,78,7490
204,95,7491
207,132,7492
203,158,7493
105,118,7494
105,116,7495
112,121,7496
112,122,7497
108,112,7498
111,128,7499
112,127,7500
110,131,7501
109,133,7502
104,135,7503
101,136,7504
97,135,7505
93,133,7506
90,129,7507
88,127,7508
86,120,7509
86,118,7510
87,110,7511
90,103,7512
91,101,7513
100,95,7514
103,94,7515
107,93,7516
112,93,7517
117,95,7518
126,102,7519
130,109,7520
131,110,7521
133,128,7522
134,125,7523
133,133,7524
129,143,7525
124,150,7526
119,155,7527
113,158,7528
98,160,7529
93,159,7530
91,159,7531
81,153,7532
73,145,7533
68,135,7534
65,123,7535
65,126,7536
66,104,7537
67,100,7538
75,85,7539
74,86,7540
86,75,7541
93,71,7542
106,68,7543
117,69,7544
129,74,7545
135,78,7546
140,83,7547
149,96,7548
152,102,7549
155,120,7550
155,133,7551
154,139,7552
149,153,7553
135,172,7554
138,170,7555
116,183,7556
97,185,7557
94,185,7558
88,184,7559
73,177,7560
58,163,7561
53,156,7562
45,135,7563
43,123,7564
43,109,7565
45,97,7566
49,85,7567
56,72,7568
77,52,7569
84,48,7570
92,45,7571
105,43,7572
132,48,7573
136,50,7574
156,66,7575
158,68,7576
167,82,7577
176,108,7578
177,127,7579
177,132,7580
170,161,7581
155,185,7582
152,189,7583
139,199,7584
131,204,7585
94,210,7586
90,210,7587
68,202,7588
53,192,7589
37,173,7590
38,175,7591
22,130,7592
21,122,7593
22,102,7594
26,83,7595
32,68,7596
42,52,7597
68,29,7598
86,21,7599
94,19,7600
121,19,7601
138,24,7602
147,28,7603
166,42,7604
179,58,7605
191,80,7606
196,98,7607
199,122,7608
195,155,7609
189,173,7610
176,196,7611
167,207,7612
148,222,7613
126,232,7614
100,236,7615
90,235,7616
57,224,7617
49,219,7618
29,201,7619
14,178,7620
106,124,7621
100,119,7622
100,116,7623
100,113,7624
103,131,7625
96,126,7626
95,120,7627
94,120,7628
94,116,7629
95,112,7630
96,109,7631
100,105,7632
105,103,7633
111,103,7634
113,103,7635
115,104,7636
119,107,7637
124,116,7638
125,120,7639
126,125,7640
123,136,7641
119,142,7642
118,143,7643
113,148,7644
108,150,7645
100,151,7646
96,150,7647
89,148,7648
83,143,7649
81,141,7650
75,130,7651
73,122,7652
73,114,7653
73,109,7654
77,98,7655
83,89,7656
92,82,7657
96,80,7658
103,78,7659
113,78,7660
124,82,7661
129,85,7662
131,86,7663
142,102,7664
145,110,7665
146,113,7666
147,126,7667
145,139,7668
143,146,7669
133,161,7670
127,167,7671
117,173,7672
114,174,7673
100,176,7674
83,172,7675
82,172,7676
69,162,7677
65,158,7678
58,147,7679
52,130,7680
51,115,7681
51,110,7682
62,79,7683
69,70,7684
78,62,7685
79,61,7686
101,53,7687
119,54,7688
121,54,7689
136,61,7690
148,70,7691
154,77,7692
164,96,7693
168,113,7694
169,122,7695
165,149,7696
159,164,7697
157,168,7698
148,180,7699
131,193,7700
120,198,7701
105,201,7702
82,198,7703
79,197,7704
60,186,7705
48,173,7706
38,157,7707
34,147,7708
30,128,7709
29,116,7710
34,86,7711
43,66,7712
54,52,7713
55,50,7714
86,31,7715
99,28,7716
122,29,7717
119,28,7718
145,38,7719
160,49,7720
177,71,7721
183,84,7722
190,112,7723
191,124,7724
188,148,7725
184,163,7726
171,188,7727
162,199,7728
134,219,7729
115,225,7730
106,226,7731
88,225,7732
63,217,7733
36,195,7734
26,182,7735
12,149,7736
10,143,7737
8,125,7738
10,91,7739
12,83,7740
24,54,7741
48,25,7742
50,23,7743
69,11,7744
100,3,7745
108,2,7746
152,14,7747
103,123,7748
102,120,7749
101,126,7750
106,114,7751
112,118,7752
102,129,7753
109,111,7754
115,117,7755
116,117,7756
117,121,7757
117,126,7758
117,129,7759
115,133,7760
112,137,7761
109,140,7762
99,141,7763
101,142,7764
93,139,7765
89,137,7766
86,133,7767
83,127,7768
81,121,7769
83,107,7770
81,111,7771
83,105,7772
87,98,7773
100,89,7774
96,90,7775
107,87,7776
115,88,7777
120,90,7778
126,94,7779
132,101,7780
136,108,7781
138,117,7782
139,126,7783
137,136,7784
136,140,7785
133,147,7786
125,157,7787
113,164,7788
106,166,7789
103,167,7790
87,163,7791
84,162,7792
72,152,7793
73,154,7794
63,136,7795
60,125,7796
60,109,7797
62,99,7798
66,89,7799
70,82,7800
80,72,7801
88,67,7802
92,65,7803
109,62,7804
121,64,7805
124,65,7806
138,73,7807
147,83,7808
153,92,7809
160,116,7810
160,130,7811
160,134,7812
159,141,7813
152,159,7814
140,175,7815
129,184,7816
117,189,7817
97,191,7818
93,191,7819
75,185,7820
65,178,7821
52,164,7822
45,151,7823
41,141,7824
38,124,7825
38,106,7826
40,96,7827
46,79,7828
52,68,7829
67,52,7830
77,45,7831
103,37,7832
117,38,7833
120,38,7834
141,46,7835
159,61,7836
164,67,7837
179,99,7838
179,98,7839
182,127,7840
181,143,7841
171,171,7842
159,189,7843
153,195,7844
144,203,7845
123,213,7846
111,216,7847
76,212,7848
57,202,7849
55,201,7850
39,185,7851
30,172,7852
19,143,7853
16,111,7854
18,94,7855
26,69,7856
27,66,7857
45,40,7858
62,26,7859
68,22,7860
103,12,7861
112,12,7862
152,25,7863
150,23,7864
175,44,7865
193,72,7866
200,92,7867
204,119,7868
204,127,7869
199,161,7870
195,173,7871
174,207,7872
157,223,7873
135,235,7874
107,119,7875
109,122,7876
109,127,7877
109,128,7878
96,119,7879
105,132,7880
98,113,7881
96,116,7882
97,131,7883
94,129,7884
93,128,7885
90,123,7886
89,118,7887
90,111,7888
89,113,7889
94,103,7890
96,101,7891
103,98,7892
110,97,7893
108,96,7894
119,101,7895
119,100,7896
125,106,7897
127,109,7898
130,119,7899
131,124,7900
127,139,7901
128,138,7902
120,149,7903
118,151,7904
114,154,7905
104,157,7906
94,156,7907
90,155,7908
84,151,7909
80,148,7910
72,136,7911
69,129,7912
68,121,7913
68,110,7914
72,97,7915
72,96,7916
78,86,7917
86,79,7918
96,74,7919
105,72,7920
114,72,7921
125,76,7922
133,81,7923
139,87,7924
146,97,7925
151,112,7926
152,120,7927
152,131,7928
148,147,7929
145,154,7930
132,170,7931
130,172,7932
114,180,7933
104,182,7934
88,180,7935
80,177,7936
73,173,7937
64,165,7938
52,146,7939
51,144,7940
47,130,7941
48,99,7942
49,94,7943
52,86,7944
66,65,7945
74,58,7946
80,54,7947
101,47,7948
115,47,7949
137,55,7950
136,54,7951
144,59,7952
164,83,7953
169,95,7954
171,101,7955
174,121,7956
173,138,7957
163,168,7958
162,170,7959
143,192,7960
126,202,7961
113,206,7962
103,207,7963
85,205,7964
59,192,7965
56,190,7966
41,173,7967
36,165,7968
27,140,7969
24,120,7970
28,89,7971
28,87,7972
40,61,7973
56,42,7974
58,40,7975
89,24,7976
93,23,7977
123,23,7978
139,28,7979
154,37,7980
165,46,7981
184,73,7982
188,82,7983
195,111,7984
196,123,7985
188,167,7986
189,165,7987
170,198,7988
164,205,7989
141,222,7990
130,227,7991
99,232,7992
82,230,7993
51,216,7994
32,199,7995
27,193,7996
10,161,7997
6,148,7998
3,106,7999
4,95,8000
8,78,8001
105,123,8002
105,126,8003
102,116,8004
98,121,8005
103,130,8006
103,111,8007
114,116,8008
100,109,8009
103,107,8010
107,106,8011
109,106,8012
114,108,8013
119,113,8014
118,111,8015
122,118,8016
122,126,8017
122,130,8018
118,138,8019
116,141,8020
115,142,8021
106,146,8022
99,147,8023
94,146,8024
93,146,8025
84,139,8026
83,138,8027
77,124,8028
77,127,8029
76,116,8030
77,107,8031
78,103,8032
84,93,8033
88,89,8034
91,86,8035
104,82,8036
107,81,8037
122,85,8038
126,87,8039
131,91,8040
137,99,8041
143,116,8042
143,114,8043
144,128,8044
140,144,8045
139,147,8046
133,156,8047
124,165,8048
116,169,8049
106,172,8050
92,171,8051
83,168,8052
81,167,8053
69,157,8054
64,151,8055
57,135,8056
55,129,8057
54,117,8058
55,105,8059
62,85,8060
68,76,8061
80,65,8062
84,62,8063
100,57,8064
108,56,8065
121,58,8066
138,66,8067
146,73,8068
159,93,8069
159,92,8070
165,116,8071
166,125,8072
164,141,8073
161,152,8074
156,163,8075
144,179,8076
125,192,8077
114,196,8078
96,197,8079
84,195,8080
66,186,8081
60,181,8082
51,172,8083
39,151,8084
35,139,8085
33,127,8086
33,107,8087
38,84,8088
43,73,8089
63,48,8090
64,47,8091
92,33,8092
91,33,8093
127,34,8094
134,36,8095
158,52,8096
162,56,8097
172,69,8098
182,90,8099
187,117,8100
187,134,8101
183,155,8102
179,167,8103
167,188,8104
155,201,8105
138,213,8106
116,221,8107
93,222,8108
86,221,8109
64,213,8110
51,205,8111
35,189,8112
16,152,8113
19,162,8114
11,111,8115
15,84,8116
23,63,8117
31,49,8118
45,32,8119
56,23,8120
74,13,8121
104,6,8122
121,7,8123
147,15,8124
163,25,8125
183,45,8126
198,70,8127
207,101,8128
