0.050000001 2.641299963 0 0 0
0.051162001 2.58920002 0 0 0
0.052345 2.537100077 0 0 0
0.053548999 2.484899998 0 0 0
0.054776002 2.432800055 0 0 0
0.056024 2.380599976 0 0 0
0.057294 2.328500032 0 0 0
0.058587998 2.276299953 0 0 0
0.059903 2.22420001 0 0 0
0.061241999 2.171999931 0 0 0
0.062604003 2.119899988 0 0 0
0.063989997 2.067699909 0 0 0
0.065398999 2.015599966 0 0 0
0.066832997 1.963400006 0 0 0
0.068290003 1.911299944 0 0 0
0.069771998 1.859099984 0 0 0
0.071278997 1.807000041 0 0 0
0.072810002 1.754899979 0 0 0
0.074367002 1.702700019 0 0 0
0.075948998 1.650599957 0 0 0
0.077556998 1.598399997 0 0 0
0.079190001 1.546300054 0 0 0
0.080849998 1.494099975 0 0 0
0.082534999 1.442000031 0 0 0
0.084247001 1.389899969 0 0 0
0.085986003 1.337700009 0 0 0
0.087751999 1.285599947 0 0 0
0.089544997 1.233500004 0 0 0
0.091365002 1.181300044 0 0 0
0.093212999 1.129199982 0 0 0
0.095087998 1.077100039 0 0 0
0.096992001 1.02489996 0 0 0
0.098922998 0.972790003 0 0 0
0.100879997 0.920660019 0 0 0
0.102870002 0.868529975 0 0 0
0.104889996 0.816410005 0 0 0
0.106930003 0.764280021 0 0 0
0.109010004 0.712149978 0 0 0
0.111110002 0.660030007 0 0 0
0.113240004 0.607909977 0 0 0
0.11541 0.555790007 0 0 0
0.117600001 0.503669977 0 0 0
0.119819999 0.451550007 0 0 0
0.12207 0.399439991 0 0 0
0.124360003 0.34731999 0 0 0
0.126670003 0.295210004 0 0 0
0.129010007 0.243100002 0 0 0
0.131380007 0.190990001 0 0 0
0.133790001 0.13888 0 0 0
0.136219993 0.086777002 0 0 0
0.138689995 0.034674998 0 0 0
0.141179994 6.265799999 0 0 0
0.143710002 6.213699818 0 0 0
0.146270007 6.161600113 0 0 0
0.148859993 6.109499931 0 0 0
0.151480004 6.057400227 0 0 0
0.154129997 6.005300045 0 0 0
0.156810001 5.953199863 0 0 0
0.159529999 5.901100159 0 0 0
0.162269995 5.848999977 0 0 0
0.16505 5.796999931 0 0 0
0.167860001 5.744900227 0 0 0
0.170699999 5.692800045 0 0 0
0.173570007 5.640799999 0 0 0
0.176469997 5.588699818 0 0 0
0.179409996 5.536600113 0 0 0
0.182370007 5.484600067 0 0 0
0.185369998 5.432499886 0 0 0
0.1884 5.38049984 0 0 0
0.191459998 5.328400135 0 0 0
0.194549993 5.276400089 0 0 0
0.197679996 5.224400043 0 0 0
0.200829998 5.172299862 0 0 0
0.204019994 5.120299816 0 0 0
0.207230002 5.06829977 0 0 0
0.210480005 5.016300201 0 0 0
0.213760003 4.964300156 0 0 0
0.217069998 4.912199974 0 0 0
0.220410004 4.860199928 0 0 0
0.223780006 4.808300018 0 0 0
0.227180004 4.756299973 0 0 0
0.230609998 4.704299927 0 0 0
0.234080002 4.652299881 0 0 0
0.237570003 4.600299835 0 0 0
0.24109 4.548399925 0 0 0
0.244639993 4.496399879 0 0 0
0.248219997 4.444499969 0 0 0
0.251830012 4.392499924 0 0 0
0.255470008 4.340600014 0 0 0
0.259140015 4.288700104 0 0 0
0.262829989 4.236700058 0 0 0
0.266559988 4.184800148 0 0 0
0.270310014 4.132900238 0 0 0
0.274089992 4.080999851 0 0 0
0.27790001 4.029099941 0 0 0
0.281729996 3.977200031 0 0 0
0.285589993 3.925400019 0 0 0
0.289480001 3.873500109 0 0 0
0.293390006 3.821700096 0 0 0
0.297329992 3.769799948 0 0 0
0.301299989 3.717999935 0 0 0
0.305290014 3.666199923 0 0 0
0.309309989 3.61439991 0 0 0
0.313349992 3.562599897 0 0 0
0.317409992 3.510799885 0 0 0
0.321500003 3.459000111 0 0 0
0.325610012 3.407200098 0 0 0
0.329739988 3.355499983 0 0 0
0.333900005 3.303800106 0 0 0
0.338079989 3.252000093 0 0 0
0.34228 3.200299978 0 0 0
0.346500009 3.148600101 0 0 0
0.350739986 3.096899986 0 0 0
0.354999989 3.045300007 0 0 0
0.35927999 2.993599892 0 0 0
0.363579988 2.941999912 0 0 0
0.367900014 2.890300035 0 0 0
0.372240007 2.838700056 0 0 0
0.376590014 2.787100077 0 0 0
0.380959988 2.735599995 0 0 0
0.385349989 2.684000015 0 0 0
0.389759988 2.632499933 0 0 0
0.39418 2.580899954 0 0 0
0.398609996 2.52940011 0 0 0
0.403059989 2.477900028 0 0 0
0.407519996 2.426500082 0 0 0
0.412 2.375 0 0 0
0.416489989 2.323600054 0 0 0
0.42098999 2.272200108 0 0 0
0.425500005 2.220799923 0 0 0
0.430029988 2.169399977 0 0 0
0.434560001 2.118099928 0 0 0
0.439099997 2.066699982 0 0 0
0.443659991 2.015399933 0 0 0
0.448220015 1.96420002 0 0 0
0.452789992 1.912899971 0 0 0
0.457359999 1.861700058 0 0 0
0.461939991 1.810500026 0 0 0
0.466529995 1.759299994 0 0 0
0.47112 1.708099961 0 0 0
0.475719988 1.656999946 0 0 0
0.480320007 1.605900049 0 0 0
0.484930009 1.554800034 0 0 0
0.489529997 1.503700018 0 0 0
0.494139999 1.452700019 0 0 0
0.498750001 1.40170002 0 0 0
0.503359973 1.350800037 0 0 0
0.507969975 1.299800038 0 0 0
0.512579978 1.248900056 0 0 0
0.51718998 1.197999954 0 0 0
0.521799982 1.147199988 0 0 0
0.52640003 1.096400023 0 0 0
0.531000018 1.045600057 0 0 0
0.535600007 0.994830012 0 0 0
0.540189981 0.94411999 0 0 0
0.544780016 0.893429995 0 0 0
0.549359977 0.842779994 0 0 0
0.553929985 0.792169988 0 0 0
0.558489978 0.741590023 0 0 0
0.563049972 0.691049993 0 0 0
0.567600012 0.640550017 0 0 0
0.572139978 0.590080023 0 0 0
0.576669991 0.539650023 0 0 0
0.58118999 0.489259988 0 0 0
0.585699975 0.438910007 0 0 0
0.590189993 0.388599992 0 0 0
0.594680011 0.338330001 0 0 0
0.599150002 0.288100004 0 0 0
0.603609979 0.237910002 0 0 0
0.608049989 0.187759995 0 0 0
0.612479985 0.137659997 0 0 0
0.616890013 0.087604001 0 0 0
0.621280015 0.037590001 0 0 0
0.625660002 6.270800114 0 0 0
0.630029976 6.220900059 0 0 0
0.634370029 6.171000004 0 0 0
0.638700008 6.121200085 0 0 0
0.64301002 6.071400166 0 0 0
0.647289991 6.021699905 0 0 0
0.651560009 5.972000122 0 0 0
0.655809999 5.922299862 0 0 0
0.660040021 5.872700214 0 0 0
0.664240003 5.823200226 0 0 0
0.668429971 5.773700237 0 0 0
0.672590017 5.724299908 0 0 0
0.676729977 5.674900055 0 0 0
0.680840015 5.625599861 0 0 0
0.684930027 5.576300144 0 0 0
0.68900001 5.527100086 0 0 0
0.693040013 5.477900028 0 0 0
0.697059989 5.428800106 0 0 0
0.701049984 5.379799843 0 0 0
0.70502001 5.330800056 0 0 0
0.708959997 5.281899929 0 0 0
0.712870002 5.232999802 0 0 0
0.71675998 5.18419981 0 0 0
0.720619977 5.135399818 0 0 0
0.724449992 5.086699963 0 0 0
0.728250027 5.038099766 0 0 0
0.732029974 4.989500046 0 0 0
0.735780001 4.940999985 0 0 0
0.739489973 4.892499924 0 0 0
0.743179977 4.844200134 0 0 0
0.74684 4.795800209 0 0 0
0.750469983 4.747600079 0 0 0
0.754069984 4.699399948 0 0 0
0.757640004 4.651299953 0 0 0
0.761179984 4.603199959 0 0 0
0.764689982 4.5552001 0 0 0
0.768169999 4.5072999 0 0 0
0.771610022 4.459499836 0 0 0
0.775030017 4.411699772 0 0 0
0.778419971 4.363999844 0 0 0
0.781769991 4.316299915 0 0 0
0.785090029 4.268799782 0 0 0
0.788380027 4.221300125 0 0 0
0.791639984 4.173900127 0 0 0
0.794860005 4.12650013 0 0 0
0.79806 4.079199791 0 0 0
0.80122 4.032000065 0 0 0
0.804350019 3.984899998 0 0 0
0.807449996 3.937799931 0 0 0
0.81050998 3.890899897 0 0 0
0.813539982 3.844000101 0 0 0
0.816540003 3.797199965 0 0 0
0.819509983 3.750400066 0 0 0
0.822449982 3.703700066 0 0 0
0.825349987 3.657200098 0 0 0
0.82822001 3.610699892 0 0 0
0.831059992 3.564199924 0 0 0
0.833869994 3.51789999 0 0 0
0.83664 3.471600056 0 0 0
0.839380026 3.425400019 0 0 0
0.842090011 3.379300117 0 0 0
0.844760001 3.333300114 0 0 0
0.847410023 3.287400007 0 0 0
0.850019991 3.241499901 0 0 0
0.852599978 3.195800066 0 0 0
0.855149984 3.150099993 0 0 0
0.857670009 3.104500055 0 0 0
0.86014998 3.059000015 0 0 0
0.862600029 3.013600111 0 0 0
0.865029991 2.968199968 0 0 0
0.867420018 2.923000097 0 0 0
0.869780004 2.877799988 0 0 0
0.872099996 2.832700014 0 0 0
0.87440002 2.787800074 0 0 0
0.876670003 2.742899895 0 0 0
0.878899992 2.69810009 0 0 0
0.881110013 2.653399944 0 0 0
0.883279979 2.608700037 0 0 0
0.885429978 2.564199924 0 0 0
0.887539983 2.519799948 0 0 0
0.88963002 2.475399971 0 0 0
0.891690016 2.431200027 0 0 0
0.893710017 2.387000084 0 0 0
0.895709991 2.342900038 0 0 0
0.897679985 2.299000025 0 0 0
0.899619997 2.255100012 0 0 0
0.901530027 2.211299896 0 0 0
0.903410017 2.167599916 0 0 0
0.90526998 2.124000072 0 0 0
0.907100022 2.080499887 0 0 0
0.908900023 2.037100077 0 0 0
0.910669982 1.993800044 0 0 0
0.912410021 1.950600028 0 0 0
0.914129972 1.907500029 0 0 0
0.915820003 1.864500046 0 0 0
0.917490005 1.82159996 0 0 0
0.919130027 1.778699994 0 0 0
0.920740008 1.735999942 0 0 0
0.922330022 1.693400025 0 0 0
0.923889995 1.650900006 0 0 0
0.92543 1.608500004 0 0 0
0.926940024 1.566200018 0 0 0
0.928420007 1.523900032 0 0 0
0.929889977 1.48179996 0 0 0
0.931330025 1.439800024 0 0 0
0.932739973 1.397899985 0 0 0
0.934130013 1.356099963 0 0 0
0.935500026 1.314399958 0 0 0
0.936839998 1.272799969 0 0 0
0.938170016 1.231299996 0 0 0
0.93945998 1.189900041 0 0 0
0.940739989 1.148599982 0 0 0
0.941999972 1.10739994 0 0 0
0.943229973 1.066300035 0 0 0
0.944440007 1.025300026 0 0 0
0.945630014 0.984409988 0 0 0
0.946799994 0.94362998 0 0 0
0.947950006 0.902960002 0 0 0
0.94907999 0.862389982 0 0 0
0.950179994 0.821929991 0 0 0
0.951269984 0.781570017 0 0 0
0.952340007 0.741320014 0 0 0
0.953390002 0.701179981 0 0 0
0.954419971 0.661140025 0 0 0
0.955429971 0.621209979 0 0 0
0.956420004 0.581390023 0 0 0
0.95739001 0.541670024 0 0 0
0.958350003 0.50207001 0 0 0
0.959280014 0.462559998 0 0 0
0.960200012 0.42317 0 0 0
0.961109996 0.383890003 0 0 0
0.961989999 0.344709992 0 0 0
0.962859988 0.305640012 0 0 0
0.96371001 0.266680002 0 0 0
0.964540005 0.227829993 0 0 0
0.965359986 0.189089999 0 0 0
0.966170013 0.150450006 0 0 0
0.966949999 0.111929998 0 0 0
0.967719972 0.073515996 0 0 0
0.968479991 0.035211999 0 0 0
0.969219983 6.280200005 0 0 0
0.96995002 6.242099762 0 0 0
0.970659971 6.204100132 0 0 0
0.971360028 6.16629982 0 0 0
0.972039998 6.128499985 0 0 0
0.972710013 6.090899944 0 0 0
0.973360002 6.05340004 0 0 0
0.974009991 6.015900135 0 0 0
0.974640012 5.978600025 0 0 0
0.975250006 5.941400051 0 0 0
0.97586 5.904300213 0 0 0
0.976450026 5.867400169 0 0 0
0.977020025 5.830500126 0 0 0
0.977590024 5.793700218 0 0 0
0.97815001 5.757100105 0 0 0
0.978690028 5.720600128 0 0 0
0.979219973 5.68419981 0 0 0
0.979740024 5.647900105 0 0 0
0.980250001 5.611700058 0 0 0
0.980740011 5.575600147 0 0 0
0.981230021 5.539599895 0 0 0
0.981710017 5.503799915 0 0 0
0.982169986 5.467999935 0 0 0
0.982630014 5.432400227 0 0 0
0.983070016 5.396900177 0 0 0
0.983510017 5.361499786 0 0 0
0.983940005 5.326200008 0 0 0
0.984350026 5.290999889 0 0 0
0.984759986 5.256000042 0 0 0
0.985159993 5.221000195 0 0 0
0.985549986 5.186200142 0 0 0
0.985930026 5.151500225 0 0 0
0.986299992 5.116899967 0 0 0
0.986660004 5.082399845 0 0 0
0.987020016 5.047999859 0 0 0
0.987360001 5.013800144 0 0 0
0.987699986 4.979599953 0 0 0
0.988030016 4.945600033 0 0 0
0.988359988 4.911699772 0 0 0
0.988669991 4.877900124 0 0 0
0.988979995 4.844200134 0 0 0
0.989279985 4.810599804 0 0 0
0.989570022 4.777100086 0 0 0
0.989859998 4.743800163 0 0 0
0.990140021 4.710599899 0 0 0
0.99040997 4.677499771 0 0 0
0.990679979 4.644499779 0 0 0
0.990939975 4.611599922 0 0 0
0.991190016 4.578800201 0 0 0
0.991439998 4.54610014 0 0 0
0.991680026 4.513599873 0 0 0
0.991919994 4.481200218 0 0 0
0.992150009 4.448900223 0 0 0
0.992370009 4.416699886 0 0 0
0.99259001 4.384600163 0 0 0
0.992799997 4.352600098 0 0 0
0.993009984 4.320799828 0 0 0
0.993210018 4.28910017 0 0 0
0.993409991 4.257400036 0 0 0
0.993600011 4.225900173 0 0 0
0.993789971 4.194600105 0 0 0
0.993969977 4.163300037 0 0 0
0.994149983 4.132100105 0 0 0
0.994329989 4.101099968 0 0 0
0.994490027 4.070199966 0 0 0
0.99466002 4.039400101 0 0 0
0.994819999 4.008699894 0 0 0
0.994979978 3.978100061 0 0 0
0.995130002 3.947700024 0 0 0
0.995270014 3.917299986 0 0 0
0.995419979 3.887099981 0 0 0
0.99555999 3.857000113 0 0 0
0.995700002 3.826999903 0 0 0
0.995829999 3.797100067 0 0 0
0.995959997 3.767400026 0 0 0
0.996079981 3.737699986 0 0 0
0.996209979 3.708199978 0 0 0
0.996320009 3.678800106 0 0 0
0.996439993 3.649499893 0 0 0
0.996550024 3.620300055 0 0 0
0.996659994 3.591300011 0 0 0
0.996770024 3.562299967 0 0 0
0.996869981 3.533499956 0 0 0
0.996969998 3.504800081 0 0 0
0.997070014 3.476200104 0 0 0
0.997160017 3.447700024 0 0 0
0.997259974 3.419300079 0 0 0
0.997349977 3.39109993 0 0 0
0.997430027 3.362999916 0 0 0
0.99752003 3.334899902 0 0 0
0.997600019 3.307100058 0 0 0
0.997680008 3.279299974 0 0 0
0.997759998 3.251600027 0 0 0
0.997829974 3.224100113 0 0 0
0.997900009 3.19659996 0 0 0
0.997979999 3.169300079 0 0 0
0.99804002 3.142100096 0 0 0
0.998109996 3.115099907 0 0 0
0.998179972 3.088099957 0 0 0
0.998239994 3.061199903 0 0 0
0.998300016 3.034499884 0 0 0
0.998359978 3.0079 0 0 0
0.998409986 2.981400013 0 0 0
0.998470008 2.954999924 0 0 0
0.998520017 2.928800106 0 0 0
0.998579979 2.90260005 0 0 0
0.998629987 2.876600027 0 0 0
0.998679996 2.850699902 0 0 0
0.99871999 2.824899912 0 0 0
0.998769999 2.799200058 0 0 0
0.998809993 2.773699999 0 0 0
0.998860002 2.74819994 0 0 0
0.998899996 2.722899914 0 0 0
0.998939991 2.697700024 0 0 0
0.998979986 2.672600031 0 0 0
0.999010026 2.647599936 0 0 0
0.999050021 2.622800112 0 0 0
0.999090016 2.59800005 0 0 0
0.999119997 2.573400021 0 0 0
0.999149978 2.548899889 0 0 0
0.999189973 2.524499893 0 0 0
0.999220014 2.500299931 0 0 0
0.999249995 2.476099968 0 0 0
0.999279976 2.452100039 0 0 0
0.999300003 2.428200006 0 0 0
0.999329984 2.404299974 0 0 0
0.999360025 2.380700111 0 0 0
0.999379992 2.35710001 0 0 0
0.999409974 2.333600044 0 0 0
0.999430001 2.310300112 0 0 0
0.999450028 2.287100077 0 0 0
0.999469995 2.263999939 0 0 0
0.999499977 2.240999937 0 0 0
0.999520004 2.218100071 0 0 0
0.999530017 2.1954 0 0 0
0.999549985 2.172800064 0 0 0
0.999570012 2.150300026 0 0 0
0.99958998 2.127899885 0 0 0
0.999610007 2.105600119 0 0 0
0.99962002 2.083400011 0 0 0
0.999639988 2.061399937 0 0 0
0.999650002 2.039400101 0 0 0
0.999670029 2.01760006 0 0 0
0.999679983 1.995900035 0 0 0
0.99970001 1.974400043 0 0 0
0.999710023 1.952900052 0 0 0
0.999719977 1.931599975 0 0 0
0.999729991 1.910300016 0 0 0
0.999750018 1.889199972 0 0 0
0.999759972 1.868199944 0 0 0
0.999769986 1.84739995 0 0 0
0.999779999 1.826599956 0 0 0
0.999790013 1.805999994 0 0 0
0.999800026 1.785400033 0 0 0
0.99980998 1.764999986 0 0 0
0.99980998 1.744799972 0 0 0
0.999819994 1.724599957 0 0 0
0.999830008 1.70449996 0 0 0
0.999840021 1.684599996 0 0 0
0.999849975 1.664800048 0 0 0
0.999849975 1.645099998 0 0 0
0.999859989 1.625499964 0 0 0
0.999870002 1.605999947 0 0 0
0.999870002 1.586699963 0 0 0
0.999880016 1.567399979 0 0 0
0.999890029 1.548300028 0 0 0
0.999890029 1.529299974 0 0 0
0.999899983 1.510499954 0 0 0
0.999899983 1.491700053 0 0 0
0.999909997 1.47300005 0 0 0
0.999909997 1.45449996 0 0 0
0.999920011 1.436100006 0 0 0
0.999920011 1.41779995 0 0 0
0.999920011 1.399600029 0 0 0
0.999930024 1.381600022 0 0 0
0.999930024 1.363600016 0 0 0
0.999930024 1.345800042 0 0 0
0.999939978 1.328099966 0 0 0
0.999939978 1.310500026 0 0 0
0.999939978 1.292999983 0 0 0
0.999949992 1.275699973 0 0 0
0.999949992 1.258399963 0 0 0
0.999949992 1.241299987 0 0 0
0.999960005 1.224300027 0 0 0
0.999960005 1.207399964 0 0 0
0.999960005 1.190700054 0 0 0
0.999960005 1.174000025 0 0 0
0.999960005 1.157500029 0 0 0
0.999970019 1.141000032 0 0 0
0.999970019 1.12469995 0 0 0
0.999970019 1.10860002 0 0 0
0.999970019 1.092499971 0 0 0
0.999970019 1.076500058 0 0 0
0.999970019 1.060700059 0 0 0
0.999979973 1.044999957 0 0 0
0.999979973 1.029399991 0 0 0
0.999979973 1.013900042 0 0 0
0.999979973 0.998560011 0 0 0
0.999979973 0.983319998 0 0 0
0.999979973 0.968190014 0 0 0
0.999979973 0.953180015 0 0 0
0.999979973 0.93829 0 0 0
0.999989986 0.923510015 0 0 0
0.999989986 0.908850014 0 0 0
0.999989986 0.894309998 0 0 0
0.999989986 0.879890025 0 0 0
0.999989986 0.865580022 0 0 0
0.999989986 0.851390004 0 0 0
0.999989986 0.83732003 0 0 0
0.999989986 0.823360026 0 0 0
0.999989986 0.809520006 0 0 0
0.999989986 0.795799971 0 0 0
0.999989986 0.782199979 0 0 0
0.999989986 0.768710017 0 0 0
0.999989986 0.755349994 0 0 0
0.999989986 0.742089987 0 0 0
0.999989986 0.728959978 0 0 0
0.999989986 0.715939999 0 0 0
1 0.703040004 0 0 0
1 0.690259993 0 0 0
1 0.677590013 0 0 0
1 0.66505003 0 0 0
1 0.652620018 0 0 0
1 0.640299976 0 0 0
1 0.628109992 0 0 0
1 0.616029978 0 0 0
1 0.604070008 0 0 0
1 0.592220008 0 0 0
1 0.580489993 0 0 0
1 0.568880022 0 0 0
1 0.557389975 0 0 0
1 0.546019971 0 0 0
1 0.534759998 0 0 0
1 0.523620009 0 0 0
1 0.512589991 0 0 0
1 0.50168997 0 0 0
1 0.49090001 0 0 0
1 0.480230004 0 0 0
1 0.469669998 0 0 0
1 0.45923999 0 0 0
1 0.448920012 0 0 0
1 0.438710004 0 0 0
1 0.428629994 0 0 0
1 0.418660015 0 0 0
1 0.40880999 0 0 0
1 0.399080008 0 0 0
1 0.389459997 0 0 0
1 0.379960001 0 0 0
1 0.370579988 0 0 0
1 0.361310005 0 0 0
1 0.352169991 0 0 0
1 0.343140006 0 0 0
1 0.334219992 0 0 0
1 0.325430006 0 0 0
1 0.31674999 0 0 0
1 0.308189988 0 0 0
1 0.29975 0 0 0
1 0.291420013 0 0 0
1 0.283210009 0 0 0
1 0.27511999 0 0 0
1 0.267150015 0 0 0
1 0.25929001 0 0 0
1 0.251549989 0 0 0
1 0.243929997 0 0 0
1 0.236420006 0 0 0
1 0.229029998 0 0 0
1 0.221760005 0 0 0
1 0.214609995 0 0 0
1 0.207570001 0 0 0
1 0.200650007 0 0 0
1 0.193849996 0 0 0
1 0.187169999 0 0 0
1 0.180600002 0 0 0
1 0.174150005 0 0 0
1 0.167820007 0 0 0
1 0.161599994 0 0 0
1 0.155499995 0 0 0
1 0.149519995 0 0 0
1 0.143659994 0 0 0
1 0.137909994 0 0 0
1 0.132280007 0 0 0
1 0.126770005 0 0 0
1 0.121380001 0 0 0
1 0.116099998 0 0 0
1 0.110940002 0 0 0
1 0.105899997 0 0 0
1 0.10097 0 0 0
1 0.096164003 0 0 0
1 0.091472998 0 0 0
1 0.086898997 0 0 0
1 0.082442999 0 0 0
1 0.078103997 0 0 0
1 0.073881999 0 0 0
1 0.069778003 0 0 0
1 0.065789998 0 0 0
1 0.061919998 0 0 0
1 0.058168001 0 0 0
1 0.054531999 0 0 0
1 0.051013999 0 0 0
1 0.047612999 0 0 0
1 0.044328999 0 0 0
1 0.041163001 0 0 0
1 0.038114 0 0 0
1 0.035181999 0 0 0
1 0.032368001 0 0 0
1 0.02967 0 0 0
1 0.02709 0 0 0
1 0.024628 0 0 0
1 0.022282001 0 0 0
1 0.020053999 0 0 0
1 0.017943 0 0 0
1 0.015949 0 0 0
1 0.014073 0 0 0
1 0.012314 0 0 0
1 0.010672 0 0 0
1 0.0091475 0 0 0
1 0.0077402 0 0 0
1 0.0064502 0 0 0
1 0.0052775 0 0 0
1 0.004222 0 0 0
1 0.0032838 0 0 0
1 0.0024629 0 0 0
1 0.0017592 0 0 0
1 0.0011728 0 0 0
1 0.00070373 0 0 0
1 0.00035189 0 0 0
1 0.00011732 0 0 0
1 0 0 0 0
1 0.00011724 0 0 0
1 0.00035178 0 0 0
1 0.00070359 0 0 0
1 0.0011727 0 0 0
1 0.001759 0 0 0
1 0.0024626 0 0 0
1 0.0032835 0 0 0
1 0.0042217 0 0 0
1 0.0052771 0 0 0
1 0.0064498 0 0 0
1 0.0077398 0 0 0
1 0.0091471 0 0 0
1 0.010672 0 0 0
1 0.012313 0 0 0
1 0.014072 0 0 0
1 0.015949 0 0 0
1 0.017942 0 0 0
1 0.020052999 0 0 0
1 0.022281 0 0 0
1 0.024627 0 0 0
1 0.02709 0 0 0
1 0.029669 0 0 0
1 0.032366998 0 0 0
1 0.035181001 0 0 0
1 0.038113002 0 0 0
1 0.041161999 0 0 0
1 0.044328 0 0 0
1 0.047612 0 0 0
1 0.051013 0 0 0
1 0.054531001 0 0 0
1 0.058166001 0 0 0
1 0.061919 0 0 0
1 0.065788999 0 0 0
1 0.069775999 0 0 0
1 0.073881 0 0 0
1 0.078102 0 0 0
1 0.082442001 0 0 0
1 0.086897999 0 0 0
1 0.091471002 0 0 0
1 0.096161999 0 0 0
1 0.10097 0 0 0
1 0.105899997 0 0 0
1 0.110940002 0 0 0
1 0.116099998 0 0 0
1 0.121380001 0 0 0
1 0.126770005 0 0 0
1 0.132280007 0 0 0
1 0.137909994 0 0 0
1 0.143659994 0 0 0
1 0.149519995 0 0 0
1 0.155499995 0 0 0
1 0.161599994 0 0 0
1 0.167820007 0 0 0
1 0.174150005 0 0 0
1 0.180600002 0 0 0
1 0.18716 0 0 0
1 0.193849996 0 0 0
1 0.200650007 0 0 0
1 0.207570001 0 0 0
1 0.214609995 0 0 0
1 0.221760005 0 0 0
1 0.229029998 0 0 0
1 0.236420006 0 0 0
1 0.243919998 0 0 0
1 0.251549989 0 0 0
1 0.25929001 0 0 0
1 0.267140001 0 0 0
1 0.27511999 0 0 0
1 0.283210009 0 0 0
1 0.291420013 0 0 0
1 0.29975 0 0 0
1 0.308189988 0 0 0
1 0.31674999 0 0 0
1 0.325430006 0 0 0
1 0.334219992 0 0 0
1 0.343140006 0 0 0
1 0.352169991 0 0 0
1 0.361310005 0 0 0
1 0.370579988 0 0 0
1 0.379960001 0 0 0
1 0.389459997 0 0 0
1 0.399069995 0 0 0
1 0.40880999 0 0 0
1 0.418660015 0 0 0
1 0.428629994 0 0 0
1 0.438710004 0 0 0
1 0.448909998 0 0 0
1 0.459230006 0 0 0
1 0.469669998 0 0 0
1 0.480230004 0 0 0
1 0.49090001 0 0 0
1 0.50168997 0 0 0
1 0.512589991 0 0 0
1 0.523620009 0 0 0
1 0.534759998 0 0 0
1 0.546019971 0 0 0
1 0.557389975 0 0 0
1 0.568880022 0 0 0
1 0.580489993 0 0 0
1 0.592220008 0 0 0
1 0.604059994 0 0 0
1 0.616029978 0 0 0
1 0.628109992 0 0 0
1 0.640299976 0 0 0
1 0.652610004 0 0 0
1 0.66505003 0 0 0
1 0.677590013 0 0 0
1 0.690259993 0 0 0
1 0.703040004 0 0 0
0.999989986 0.715939999 0 0 0
0.999989986 0.728959978 0 0 0
0.999989986 0.742089987 0 0 0
0.999989986 0.75533998 0 0 0
0.999989986 0.768710017 0 0 0
0.999989986 0.782199979 0 0 0
0.999989986 0.795799971 0 0 0
0.999989986 0.809520006 0 0 0
0.999989986 0.823360026 0 0 0
0.999989986 0.83732003 0 0 0
0.999989986 0.851390004 0 0 0
0.999989986 0.865580022 0 0 0
0.999989986 0.879890025 0 0 0
0.999989986 0.894309998 0 0 0
0.999989986 0.908850014 0 0 0
0.999989986 0.923510015 0 0 0
0.999979973 0.93829 0 0 0
0.999979973 0.953180015 0 0 0
0.999979973 0.968190014 0 0 0
0.999979973 0.983319998 0 0 0
0.999979973 0.998560011 0 0 0
0.999979973 1.013900042 0 0 0
0.999979973 1.029399991 0 0 0
0.999979973 1.044999957 0 0 0
0.999970019 1.060700059 0 0 0
0.999970019 1.076500058 0 0 0
0.999970019 1.092499971 0 0 0
0.999970019 1.10860002 0 0 0
0.999970019 1.12469995 0 0 0
0.999970019 1.141000032 0 0 0
0.999960005 1.157500029 0 0 0
0.999960005 1.174000025 0 0 0
0.999960005 1.190700054 0 0 0
0.999960005 1.207399964 0 0 0
0.999960005 1.224300027 0 0 0
0.999949992 1.241299987 0 0 0
0.999949992 1.258399963 0 0 0
0.999949992 1.275699973 0 0 0
0.999939978 1.292999983 0 0 0
0.999939978 1.310500026 0 0 0
0.999939978 1.328099966 0 0 0
0.999930024 1.345800042 0 0 0
0.999930024 1.363600016 0 0 0
0.999930024 1.381600022 0 0 0
0.999920011 1.399600029 0 0 0
0.999920011 1.41779995 0 0 0
0.999920011 1.436100006 0 0 0
0.999909997 1.45449996 0 0 0
0.999909997 1.47300005 0 0 0
0.999899983 1.491700053 0 0 0
0.999899983 1.510400057 0 0 0
0.999890029 1.529299974 0 0 0
0.999890029 1.548300028 0 0 0
0.999880016 1.567399979 0 0 0
0.999870002 1.586699963 0 0 0
0.999870002 1.605999947 0 0 0
0.999859989 1.625499964 0 0 0
0.999849975 1.645099998 0 0 0
0.999849975 1.664800048 0 0 0
0.999840021 1.684599996 0 0 0
0.999830008 1.70449996 0 0 0
0.999819994 1.724599957 0 0 0
0.99980998 1.744699955 0 0 0
0.99980998 1.764999986 0 0 0
0.999800026 1.785400033 0 0 0
0.999790013 1.805999994 0 0 0
0.999779999 1.826599956 0 0 0
0.999769986 1.84739995 0 0 0
0.999759972 1.868199944 0 0 0
0.999750018 1.889199972 0 0 0
0.999729991 1.910300016 0 0 0
0.999719977 1.931499958 0 0 0
0.999710023 1.952900052 0 0 0
0.99970001 1.974400043 0 0 0
0.999679983 1.995900035 0 0 0
0.999670029 2.01760006 0 0 0
0.999650002 2.039400101 0 0 0
0.999639988 2.061399937 0 0 0
0.99962002 2.083400011 0 0 0
0.999610007 2.105600119 0 0 0
0.99958998 2.127899885 0 0 0
0.999570012 2.150300026 0 0 0
0.999549985 2.172800064 0 0 0
0.999530017 2.1954 0 0 0
0.999520004 2.218100071 0 0 0
0.999499977 2.240999937 0 0 0
0.999469995 2.263999939 0 0 0
0.999450028 2.287100077 0 0 0
0.999430001 2.310300112 0 0 0
0.999409974 2.333600044 0 0 0
0.999379992 2.35710001 0 0 0
0.999360025 2.380700111 0 0 0
0.999329984 2.404299974 0 0 0
0.999300003 2.428100109 0 0 0
0.999279976 2.452100039 0 0 0
0.999249995 2.476099968 0 0 0
0.999220014 2.500299931 0 0 0
0.999189973 2.524499893 0 0 0
0.999149978 2.548899889 0 0 0
0.999119997 2.573400021 0 0 0
0.999090016 2.59800005 0 0 0
0.999050021 2.622800112 0 0 0
0.999010026 2.647599936 0 0 0
0.998979986 2.672600031 0 0 0
0.998939991 2.697700024 0 0 0
0.998899996 2.722899914 0 0 0
0.998860002 2.74819994 0 0 0
0.998809993 2.773699999 0 0 0
0.998769999 2.799200058 0 0 0
0.99871999 2.824899912 0 0 0
0.998679996 2.850699902 0 0 0
0.998629987 2.876600027 0 0 0
0.998579979 2.90260005 0 0 0
0.998520017 2.928800106 0 0 0
0.998470008 2.954999924 0 0 0
0.998409986 2.981400013 0 0 0
0.998359978 3.0079 0 0 0
0.998300016 3.034499884 0 0 0
0.998239994 3.061199903 0 0 0
0.998179972 3.088099957 0 0 0
0.998109996 3.115099907 0 0 0
0.99804002 3.142100096 0 0 0
0.997979999 3.169300079 0 0 0
0.997900009 3.19659996 0 0 0
0.997829974 3.224100113 0 0 0
0.997759998 3.251600027 0 0 0
0.997680008 3.279299974 0 0 0
0.997600019 3.306999922 0 0 0
0.99752003 3.334899902 0 0 0
0.997430027 3.362999916 0 0 0
0.997349977 3.39109993 0 0 0
0.997259974 3.419300079 0 0 0
0.997160017 3.447700024 0 0 0
0.997070014 3.476200104 0 0 0
0.996969998 3.504800081 0 0 0
0.996869981 3.533499956 0 0 0
0.996770024 3.562299967 0 0 0
0.996659994 3.591200113 0 0 0
0.996550024 3.620300055 0 0 0
0.996439993 3.649499893 0 0 0
0.996320009 3.678800106 0 0 0
0.996209979 3.708199978 0 0 0
0.996079981 3.737699986 0 0 0
0.995959997 3.767400026 0 0 0
0.995829999 3.797100067 0 0 0
0.995700002 3.826999903 0 0 0
0.99555999 3.857000113 0 0 0
0.995419979 3.887099981 0 0 0
0.995270014 3.917299986 0 0 0
0.995130002 3.947700024 0 0 0
0.994979978 3.978100061 0 0 0
0.994819999 4.008699894 0 0 0
0.99466002 4.039400101 0 0 0
0.994490027 4.070199966 0 0 0
0.994329989 4.101099968 0 0 0
0.994149983 4.132100105 0 0 0
0.993969977 4.163300037 0 0 0
0.993789971 4.194600105 0 0 0
0.993600011 4.225900173 0 0 0
0.993409991 4.257400036 0 0 0
0.993210018 4.28910017 0 0 0
0.993009984 4.320799828 0 0 0
0.992799997 4.352600098 0 0 0
0.99259001 4.384600163 0 0 0
0.992370009 4.416699886 0 0 0
0.992150009 4.448900223 0 0 0
0.991919994 4.481200218 0 0 0
0.991680026 4.513599873 0 0 0
0.991439998 4.54610014 0 0 0
0.991190016 4.578800201 0 0 0
0.990939975 4.611599922 0 0 0
0.990679979 4.64440012 0 0 0
0.99040997 4.677400112 0 0 0
0.990140021 4.710599899 0 0 0
0.989859998 4.743800163 0 0 0
0.989570022 4.777100086 0 0 0
0.989279985 4.810599804 0 0 0
0.988979995 4.844200134 0 0 0
0.988669991 4.877900124 0 0 0
0.988359988 4.911699772 0 0 0
0.988030016 4.945600033 0 0 0
0.987699986 4.979599953 0 0 0
0.987360001 5.013800144 0 0 0
0.987020016 5.047999859 0 0 0
0.986660004 5.082399845 0 0 0
0.986299992 5.116899967 0 0 0
0.985930026 5.151500225 0 0 0
0.985549986 5.186200142 0 0 0
0.985159993 5.221000195 0 0 0
0.984759986 5.256000042 0 0 0
0.984350026 5.290999889 0 0 0
0.983940005 5.326200008 0 0 0
0.983510017 5.361499786 0 0 0
0.983070016 5.396900177 0 0 0
0.982630014 5.432400227 0 0 0
0.982169986 5.467999935 0 0 0
0.981710017 5.503799915 0 0 0
0.981230021 5.539599895 0 0 0
0.980740011 5.575600147 0 0 0
0.980250001 5.611700058 0 0 0
0.979740024 5.647900105 0 0 0
0.979219973 5.68419981 0 0 0
0.978690028 5.720600128 0 0 0
0.97815001 5.757100105 0 0 0
0.977590024 5.793700218 0 0 0
0.977020025 5.830500126 0 0 0
0.976450026 5.867400169 0 0 0
0.97586 5.904300213 0 0 0
0.975250006 5.941400051 0 0 0
0.974640012 5.978600025 0 0 0
0.974009991 6.015900135 0 0 0
0.973360002 6.053299904 0 0 0
0.972710013 6.090899944 0 0 0
0.972039998 6.128499985 0 0 0
0.971360028 6.16629982 0 0 0
0.970659971 6.204100132 0 0 0
0.96995002 6.242099762 0 0 0
0.969219983 6.280200005 0 0 0
0.968479991 0.035204001 0 0 0
0.967719972 0.073508002 0 0 0
0.966949999 0.111919999 0 0 0
0.966170013 0.150440007 0 0 0
0.965359986 0.18908 0 0 0
0.964540005 0.227819994 0 0 0
0.96371001 0.266669989 0 0 0
0.962859988 0.305629998 0 0 0
0.961989999 0.344700009 0 0 0
0.961109996 0.383870006 0 0 0
0.960200012 0.423159987 0 0 0
0.959280014 0.462550014 0 0 0
0.958350003 0.502049983 0 0 0
0.95739001 0.541660011 0 0 0
0.956420004 0.58138001 0 0 0
0.955429971 0.621200025 0 0 0
0.954419971 0.661130011 0 0 0
0.953390002 0.701170027 0 0 0
0.952340007 0.74131 0 0 0
0.951269984 0.781560004 0 0 0
0.950179994 0.821910024 0 0 0
0.94907999 0.862370014 0 0 0
0.947950006 0.902939975 0 0 0
0.946799994 0.943610013 0 0 0
0.945630014 0.98439002 0 0 0
0.944440007 1.025300026 0 0 0
0.943229973 1.066300035 0 0 0
0.941999972 1.107300043 0 0 0
0.940739989 1.148499966 0 0 0
0.93945998 1.189800024 0 0 0
0.938170016 1.23119998 0 0 0
0.936839998 1.272699952 0 0 0
0.935500026 1.314399958 0 0 0
0.934130013 1.356099963 0 0 0
0.932739973 1.397899985 0 0 0
0.931330025 1.439800024 0 0 0
0.929889977 1.48179996 0 0 0
0.928420007 1.523900032 0 0 0
0.926940024 1.566100001 0 0 0
0.92543 1.608500004 0 0 0
0.923889995 1.650900006 0 0 0
0.922330022 1.693400025 0 0 0
0.920740008 1.735999942 0 0 0
0.919130027 1.778699994 0 0 0
0.917490005 1.821499944 0 0 0
0.915820003 1.864500046 0 0 0
0.914129972 1.907500029 0 0 0
0.912410021 1.950600028 0 0 0
0.910669982 1.993800044 0 0 0
0.908900023 2.037100077 0 0 0
0.907100022 2.080499887 0 0 0
0.90526998 2.124000072 0 0 0
0.903410017 2.167599916 0 0 0
0.901530027 2.211299896 0 0 0
0.899619997 2.255100012 0 0 0
0.897679985 2.298899889 0 0 0
0.895709991 2.342900038 0 0 0
0.893710017 2.387000084 0 0 0
0.891690016 2.431099892 0 0 0
0.88963002 2.475399971 0 0 0
0.887539983 2.51970005 0 0 0
0.885429978 2.564199924 0 0 0
0.883279979 2.608700037 0 0 0
0.881110013 2.653300047 0 0 0
0.878899992 2.697999954 0 0 0
0.876670003 2.742799997 0 0 0
0.87440002 2.787699938 0 0 0
0.872099996 2.832700014 0 0 0
0.869780004 2.877799988 0 0 0
0.867420018 2.923000097 0 0 0
0.865029991 2.968199968 0 0 0
0.862600029 3.013499975 0 0 0
0.86014998 3.059000015 0 0 0
0.857670009 3.104500055 0 0 0
0.855149984 3.150099993 0 0 0
0.852599978 3.19569993 0 0 0
0.850019991 3.241499901 0 0 0
0.847410023 3.287400007 0 0 0
0.844760001 3.333300114 0 0 0
0.842090011 3.379300117 0 0 0
0.839380026 3.425400019 0 0 0
0.83664 3.471600056 0 0 0
0.833869994 3.51789999 0 0 0
0.831059992 3.564199924 0 0 0
0.82822001 3.610599995 0 0 0
0.825349987 3.657099962 0 0 0
0.822449982 3.703700066 0 0 0
0.819509983 3.750400066 0 0 0
0.816540003 3.797100067 0 0 0
0.813539982 3.843899965 0 0 0
0.81050998 3.890799999 0 0 0
0.807449996 3.937799931 0 0 0
0.804350019 3.984899998 0 0 0
0.80122 4.032000065 0 0 0
0.79806 4.079199791 0 0 0
0.794860005 4.12650013 0 0 0
0.791639984 4.173799992 0 0 0
0.788380027 4.221300125 0 0 0
0.785090029 4.268700123 0 0 0
0.781769991 4.316299915 0 0 0
0.778419971 4.363999844 0 0 0
0.775030017 4.411699772 0 0 0
0.771610022 4.459400177 0 0 0
0.768169999 4.5072999 0 0 0
0.764689982 4.5552001 0 0 0
0.761179984 4.603199959 0 0 0
0.757640004 4.651299953 0 0 0
0.754069984 4.699399948 0 0 0
0.750469983 4.747600079 0 0 0
0.74684 4.795800209 0 0 0
0.743179977 4.844099998 0 0 0
0.739489973 4.892499924 0 0 0
0.735780001 4.940999985 0 0 0
0.732029974 4.989500046 0 0 0
0.728250027 5.038000107 0 0 0
0.724449992 5.086699963 0 0 0
0.720619977 5.135399818 0 0 0
0.71675998 5.184100151 0 0 0
0.712870002 5.232999802 0 0 0
0.708959997 5.281799793 0 0 0
0.70502001 5.330800056 0 0 0
0.701049984 5.379799843 0 0 0
0.697059989 5.428800106 0 0 0
0.693040013 5.477900028 0 0 0
0.68900001 5.527100086 0 0 0
0.684930027 5.576300144 0 0 0
0.680840015 5.625599861 0 0 0
0.676729977 5.674900055 0 0 0
0.672590017 5.724299908 0 0 0
0.668429971 5.773700237 0 0 0
0.664240003 5.823200226 0 0 0
0.660040021 5.872700214 0 0 0
0.655809999 5.922299862 0 0 0
0.651560009 5.971899986 0 0 0
0.647289991 6.02159977 0 0 0
0.64301002 6.071400166 0 0 0
0.638700008 6.121099949 0 0 0
0.634370029 6.171000004 0 0 0
0.630029976 6.220900059 0 0 0
0.625660002 6.270800114 0 0 0
0.621280015 0.037560999 0 0 0
0.616890013 0.087575004 0 0 0
0.612479985 0.137630001 0 0 0
0.608049989 0.187739998 0 0 0
0.603609979 0.237880006 0 0 0
0.599150002 0.288069993 0 0 0
0.594680011 0.33829999 0 0 0
0.590189993 0.388570011 0 0 0
0.585699975 0.438879997 0 0 0
0.58118999 0.489230007 0 0 0
0.576669991 0.539619982 0 0 0
0.572139978 0.590049982 0 0 0
0.567600012 0.640519977 0 0 0
0.563049972 0.691020012 0 0 0
0.558489978 0.741559982 0 0 0
0.553929985 0.792140007 0 0 0
0.549359977 0.842750013 0 0 0
0.544780016 0.893400013 0 0 0
0.540189981 0.944079995 0 0 0
0.535600007 0.994799972 0 0 0
0.531000018 1.045600057 0 0 0
0.52640003 1.096300006 0 0 0
0.521799982 1.147199988 0 0 0
0.51718998 1.197999954 0 0 0
0.512579978 1.248900056 0 0 0
0.507969975 1.299800038 0 0 0
0.503359973 1.350700021 0 0 0
0.498750001 1.40170002 0 0 0
0.494139999 1.452700019 0 0 0
0.489529997 1.503700018 0 0 0
0.484930009 1.554800034 0 0 0
0.480320007 1.605800033 0 0 0
0.475719988 1.656999946 0 0 0
0.47112 1.708099961 0 0 0
0.466529995 1.759199977 0 0 0
0.461939991 1.810400009 0 0 0
0.457359999 1.861600041 0 0 0
0.452789992 1.912899971 0 0 0
0.448220015 1.964100003 0 0 0
0.443659991 2.015399933 0 0 0
0.439099997 2.066699982 0 0 0
0.434560001 2.118000031 0 0 0
0.430029988 2.169399977 0 0 0
0.425500005 2.220799923 0 0 0
0.42098999 2.272200108 0 0 0
0.416489989 2.323600054 0 0 0
0.412 2.375 0 0 0
0.407519996 2.426399946 0 0 0
0.403059989 2.477900028 0 0 0
0.398609996 2.52940011 0 0 0
0.39418 2.580899954 0 0 0
0.389759988 2.632400036 0 0 0
0.385349989 2.684000015 0 0 0
0.380959988 2.735500097 0 0 0
0.376590014 2.787100077 0 0 0
0.372240007 2.838700056 0 0 0
0.367900014 2.890300035 0 0 0
0.363579988 2.941900015 0 0 0
0.35927999 2.993599892 0 0 0
0.354999989 3.045200109 0 0 0
0.350739986 3.096899986 0 0 0
0.346500009 3.148600101 0 0 0
0.34228 3.200299978 0 0 0
0.338079989 3.252000093 0 0 0
0.333900005 3.30369997 0 0 0
0.329739988 3.355499983 0 0 0
0.325610012 3.407200098 0 0 0
0.321500003 3.459000111 0 0 0
0.317409992 3.510799885 0 0 0
0.313349992 3.5625 0 0 0
0.309309989 3.614300013 0 0 0
0.305290014 3.666100025 0 0 0
0.301299989 3.717999935 0 0 0
0.297329992 3.769799948 0 0 0
0.293390006 3.82159996 0 0 0
0.289480001 3.873500109 0 0 0
0.285589993 3.925299883 0 0 0
0.281729996 3.977200031 0 0 0
0.27790001 4.029099941 0 0 0
0.274089992 4.080999851 0 0 0
0.270310014 4.132900238 0 0 0
0.266559988 4.184800148 0 0 0
0.262829989 4.236700058 0 0 0
0.259140015 4.288599968 0 0 0
0.255470008 4.340499878 0 0 0
0.251830012 4.392499924 0 0 0
0.248219997 4.444399834 0 0 0
0.244639993 4.496399879 0 0 0
0.24109 4.548299789 0 0 0
0.237570003 4.600299835 0 0 0
0.234080002 4.652299881 0 0 0
0.230609998 4.704199791 0 0 0
0.227180004 4.756199837 0 0 0
0.223780006 4.808199883 0 0 0
0.220410004 4.860199928 0 0 0
0.217069998 4.912199974 0 0 0
0.213760003 4.96420002 0 0 0
0.210480005 5.016200066 0 0 0
0.207230002 5.06829977 0 0 0
0.204019994 5.120299816 0 0 0
0.200829998 5.172299862 0 0 0
0.197679996 5.224299908 0 0 0
0.194549993 5.276400089 0 0 0
0.191459998 5.328400135 0 0 0
0.1884 5.38049984 0 0 0
0.185369998 5.432499886 0 0 0
0.182370007 5.484600067 0 0 0
0.179409996 5.536600113 0 0 0
0.176469997 5.588699818 0 0 0
0.173570007 5.640699863 0 0 0
0.170699999 5.692800045 0 0 0
0.167860001 5.744900227 0 0 0
0.16505 5.796899796 0 0 0
0.162269995 5.848999977 0 0 0
0.159529999 5.901100159 0 0 0
0.156810001 5.953199863 0 0 0
0.154129997 6.005300045 0 0 0
0.151480004 6.057400227 0 0 0
0.148859993 6.109399796 0 0 0
0.146270007 6.161499977 0 0 0
0.143710002 6.213600159 0 0 0
0.141179994 6.265699863 0 0 0
0.138689995 0.034646999 0 0 0
0.136219993 0.086749002 0 0 0
0.133790001 0.138850003 0 0 0
0.131380007 0.190960005 0 0 0
0.129010007 0.243070006 0 0 0
0.126670003 0.295179993 0 0 0
0.124360003 0.347290009 0 0 0
0.12207 0.399410009 0 0 0
0.119819999 0.451519996 0 0 0
0.117600001 0.503639996 0 0 0
0.11541 0.555760026 0 0 0
0.113240004 0.607879996 0 0 0
0.111110002 0.660000026 0 0 0
0.109010004 0.71213001 0 0 0
0.106930003 0.76424998 0 0 0
0.104889996 0.816380024 0 0 0
0.102870002 0.868510008 0 0 0
0.100879997 0.920639992 0 0 0
0.098922998 0.972769976 0 0 0
0.096992001 1.02489996 0 0 0
0.095087998 1.077000022 0 0 0
0.093212999 1.129199982 0 0 0
0.091365002 1.181300044 0 0 0
0.089544997 1.233399987 0 0 0
0.087751999 1.285599947 0 0 0
0.085986003 1.337700009 0 0 0
0.084247001 1.389799953 0 0 0
0.082534999 1.442000031 0 0 0
0.080849998 1.494099975 0 0 0
0.079190001 1.546300054 0 0 0
0.077556998 1.598399997 0 0 0
0.075948998 1.650500059 0 0 0
0.074367002 1.702700019 0 0 0
0.072810002 1.754799962 0 0 0
0.071278997 1.807000041 0 0 0
0.069771998 1.859099984 0 0 0
0.068290003 1.911200047 0 0 0
0.066832997 1.963400006 0 0 0
0.065398999 2.015500069 0 0 0
0.063989997 2.067699909 0 0 0
0.062604003 2.119800091 0 0 0
0.061241999 2.171999931 0 0 0
0.059903 2.224100113 0 0 0
0.058587998 2.276299953 0 0 0
0.057294 2.328399897 0 0 0
0.056024 2.380599976 0 0 0
0.054776002 2.432699919 0 0 0
0.053548999 2.484899998 0 0 0
0.052345 2.536999941 0 0 0
0.051162001 2.58920002 0 0 0