1	85	29
2	90	29
3	92	29
4	93	29
5	94	29
6	95	29
7	96	29
8	97	29
9	98	29
10	98	30
11	99	29
12	99	32
13	100	29
14	101	29
15	101	32
16	102	29
17	102	32
18	103	29
19	103	33
20	104	29
21	104	32
22	105	29
23	105	32
24	106	29
25	106	31
26	106	34
27	107	29
28	107	33
29	108	29
30	108	32
31	109	29
32	109	31
33	109	33
34	110	29
35	110	31
36	110	34
37	111	29
38	111	32
39	111	34
40	112	29
41	112	33
42	112	35
43	113	29
44	113	33
45	114	29
46	114	31
47	114	34
48	115	29
49	115	33
50	116	29
51	116	32
52	117	29
53	117	30
54	117	35
55	118	29
56	118	34
57	119	29
58	119	33
59	120	29
60	120	32
61	121	29
62	121	32
63	122	29
64	122	32
65	123	29
66	123	32
67	124	29
68	124	32
69	125	29
70	125	31
71	126	29
72	126	32
73	127	29
74	127	33
75	128	29
76	128	33
77	129	29
78	129	34
79	130	29
80	130	34
81	131	29
82	132	29
83	132	31
84	133	29
85	133	33
86	134	29
87	134	34
88	135	29
89	136	29
90	136	31
91	137	29
92	137	34
93	138	29
94	139	29
95	139	33
96	140	29
97	141	29
98	141	31
99	142	29
100	142	35
101	143	29
102	144	29
103	145	29
104	145	31
105	146	29
106	147	29
107	147	31
108	148	29
109	149	29
110	150	29
111	150	31
112	151	29
113	152	29
114	153	29
115	154	29
116	154	31
117	155	29
118	156	29
119	157	29
120	158	29
121	159	29
122	160	29
123	161	29
124	163	29
125	164	29
126	165	29
127	167	29
128	86	29
129	91	29
130	92	30
131	93	30
132	94	30
133	95	30
134	96	30
135	97	30
136	97	31
137	98	31
138	99	30
139	99	33
140	100	30
141	101	30
142	101	33
143	102	30
144	102	33
145	103	30
146	103	34
147	104	30
148	104	33
149	105	30
150	105	33
151	106	30
152	106	32
153	106	35
154	107	30
155	107	34
156	108	30
157	108	33
158	109	30
159	109	32
160	109	34
161	110	30
162	110	32
163	110	35
164	111	30
165	111	33
166	111	35
167	112	30
168	112	34
169	111	39
170	113	30
171	113	34
172	114	30
173	114	32
174	114	35
175	115	30
176	115	34
177	116	30
178	116	33
179	116	35
180	117	31
181	117	36
182	118	30
183	118	35
184	119	30
185	119	34
186	120	30
187	120	33
188	121	30
189	121	33
190	122	30
191	122	33
192	123	30
193	123	33
194	124	30
195	124	33
196	125	30
197	125	32
198	126	30
199	126	33
200	127	30
201	127	34
202	128	30
203	128	34
204	129	30
205	129	35
206	130	30
207	130	35
208	131	30
209	132	30
210	132	32
211	133	30
212	133	34
213	134	30
214	134	35
215	135	30
216	136	30
217	136	32
218	137	30
219	137	35
220	138	30
221	139	30
222	139	34
223	140	30
224	141	30
225	141	32
226	142	30
227	142	36
228	143	30
229	144	30
230	145	30
231	145	32
232	146	30
233	147	30
234	147	32
235	148	30
236	149	30
237	150	30
238	150	32
239	151	30
240	152	30
241	153	30
242	154	30
243	154	32
244	155	30
245	156	30
246	157	30
247	158	30
248	159	30
249	160	30
250	162	29
251	163	30
252	164	30
253	166	29
254	168	29
255	87	29
256	91	30
257	92	31
258	93	31
259	94	31
260	95	31
261	96	31
262	96	33
263	97	32
264	98	32
265	99	31
266	99	34
267	100	31
268	101	31
269	100	35
270	102	31
271	102	34
272	103	31
273	102	36
274	104	31
275	104	34
276	105	31
277	105	34
278	105	35
279	106	33
280	105	37
281	107	31
282	107	35
283	108	31
284	107	37
285	108	34
286	108	36
287	108	37
288	109	35
289	110	33
290	109	38
291	111	31
292	110	37
293	111	36
294	112	31
295	111	37
296	110	41
297	113	31
298	112	38
299	113	35
300	114	33
301	113	39
302	115	31
303	115	35
304	116	31
305	116	34
306	116	36
307	117	32
308	116	39
309	118	31
310	118	36
311	119	31
312	119	35
313	120	31
314	120	34
315	121	31
316	121	34
317	122	31
318	122	34
319	123	31
320	123	34
321	124	31
322	124	34
323	124	36
324	125	33
325	126	31
326	126	34
327	127	31
328	127	35
329	128	31
330	128	35
331	129	31
332	129	36
333	130	31
334	130	36
335	131	31
336	131	36
337	132	33
338	133	31
339	133	35
340	134	31
341	134	36
342	135	31
343	135	36
344	136	33
345	137	31
346	137	36
347	138	31
348	139	31
349	139	35
350	140	31
351	140	35
352	141	33
353	142	31
354	142	37
355	143	31
356	144	31
357	144	34
358	145	33
359	146	31
360	146	35
361	147	33
362	148	31
363	149	31
364	149	34
365	150	33
366	151	31
367	152	31
368	153	31
369	153	33
370	154	33
371	155	31
372	156	31
373	157	31
374	158	31
375	159	31
376	160	31
377	162	30
378	163	31
379	164	31
380	166	30
381	168	30
382	88	29
383	90	30
384	91	31
385	93	32
386	94	32
387	95	32
388	96	32
389	96	34
390	97	33
391	98	33
392	98	34
393	98	35
394	100	32
395	100	34
396	100	36
397	101	34
398	101	36
399	103	32
400	102	37
401	103	35
402	103	36
403	104	35
404	104	36
405	104	37
406	105	36
407	105	38
408	107	32
409	106	37
410	107	36
411	106	39
412	108	35
413	107	39
414	108	38
415	109	36
416	109	37
417	108	40
418	110	36
419	109	40
420	110	38
421	112	32
422	111	38
423	109	43
424	113	32
425	111	41
426	113	36
427	113	37
428	112	41
429	115	32
430	114	38
431	115	36
432	115	38
433	115	39
434	117	33
435	115	42
436	118	32
437	117	39
438	119	32
439	118	38
440	119	36
441	120	35
442	120	36
443	121	35
444	121	36
445	122	35
446	122	36
447	123	35
448	123	36
449	124	35
450	124	37
451	125	34
452	125	36
453	126	35
454	127	32
455	127	36
456	128	32
457	128	36
458	129	32
459	129	37
460	130	32
461	130	37
462	131	32
463	131	37
464	132	34
465	133	32
466	133	36
467	134	32
468	134	37
469	135	32
470	135	37
471	136	34
472	137	32
473	137	37
474	138	32
475	139	32
476	139	36
477	140	32
478	140	36
479	141	34
480	142	32
481	142	38
482	143	32
483	144	32
484	144	35
485	145	34
486	146	32
487	146	36
488	147	34
489	148	32
490	149	32
491	149	35
492	150	34
493	151	32
494	152	32
495	153	32
496	153	34
497	154	34
498	155	32
499	156	32
500	157	32
501	158	32
502	159	32
503	160	32
504	161	30
505	162	31
506	164	32
507	165	30
508	167	30
509	89	29
510	90	31
511	91	32
512	92	32
513	93	33
514	94	33
515	95	33
516	95	35
517	97	34
518	97	35
519	97	36
520	98	36
521	100	33
522	99	36
523	99	37
524	101	35
525	100	38
526	102	35
527	101	38
528	101	39
529	103	37
530	103	38
531	103	39
532	104	38
533	104	39
534	104	40
535	106	36
536	104	41
537	106	38
538	105	41
539	107	38
540	106	41
541	107	40
542	107	41
543	108	39
544	107	42
545	109	39
546	108	42
547	109	41
548	110	39
549	110	40
550	107	46
551	112	36
552	109	44
553	112	39
554	113	38
555	111	43
556	114	36
557	113	41
558	115	37
559	114	41
560	115	40
561	117	34
562	114	44
563	118	33
564	117	40
565	118	37
566	118	39
567	119	37
568	119	38
569	120	37
570	120	38
571	121	37
572	121	38
573	122	37
574	122	39
575	123	37
576	123	39
577	124	38
578	125	35
579	125	37
580	126	36
581	126	37
582	126	39
583	127	37
584	128	37
585	129	33
586	128	40
587	130	33
588	130	38
589	131	33
590	131	38
591	132	35
592	132	37
593	133	37
594	134	33
595	134	38
596	135	33
597	135	38
598	136	35
599	137	33
600	137	38
601	138	33
602	138	36
603	139	37
604	140	33
605	140	37
606	141	35
607	142	33
608	142	39
609	143	33
610	144	33
611	144	36
612	145	35
613	146	33
614	146	37
615	147	35
616	148	33
617	149	33
618	149	36
619	150	35
620	151	33
621	152	33
622	152	35
623	153	35
624	154	35
625	155	33
626	156	33
627	157	33
628	158	33
629	159	33
630	160	33
631	161	31
632	163	32
633	164	33
634	166	31
635	168	31
636	89	30
637	89	31
638	91	33
639	92	33
640	93	34
641	94	34
642	95	34
643	94	36
644	96	35
645	96	36
646	96	38
647	97	37
648	99	35
649	98	38
650	99	38
651	100	37
652	99	39
653	101	37
654	100	40
655	100	41
656	102	38
657	101	41
658	102	40
659	103	40
660	102	42
661	103	41
662	105	39
663	103	43
664	105	40
665	103	44
666	106	40
667	104	44
668	106	42
669	105	44
670	106	43
671	106	44
672	108	41
673	106	45
674	107	44
675	108	43
676	109	42
677	106	47
678	112	37
679	108	46
680	111	42
681	112	40
682	110	45
683	114	37
684	112	43
685	114	39
686	113	43
687	114	42
688	116	37
689	113	46
690	117	37
691	116	42
692	117	41
693	117	42
694	118	40
695	119	39
696	119	40
697	120	39
698	120	40
699	121	39
700	122	38
701	121	42
702	123	38
703	123	40
704	123	41
705	124	39
706	125	38
707	125	39
708	126	38
709	126	40
710	127	38
711	127	39
712	128	38
713	128	41
714	129	38
715	129	40
716	131	34
717	130	41
718	132	36
719	132	38
720	132	40
721	133	38
722	133	41
723	135	34
724	135	39
725	136	36
726	136	38
727	136	41
728	138	34
729	138	37
730	138	40
731	140	34
732	140	38
733	141	36
734	142	34
735	141	41
736	143	34
737	143	37
738	144	37
739	145	36
740	146	34
741	146	38
742	147	36
743	148	34
744	148	37
745	149	37
746	150	36
747	151	34
748	152	34
749	152	36
750	153	36
751	154	36
752	155	34
753	156	34
754	157	34
755	158	34
756	159	34
757	160	34
758	161	32
759	162	32
760	164	34
761	165	31
762	167	31
763	88	30
764	90	32
765	90	33
766	91	34
767	92	34
768	93	35
769	94	35
770	94	37
771	95	36
772	96	37
773	95	39
774	96	39
775	98	37
776	97	39
777	98	39
778	98	40
779	98	41
780	100	39
781	99	41
782	99	42
783	102	39
784	100	42
785	100	43
786	102	41
787	101	43
788	101	44
789	103	42
790	102	44
791	104	42
792	102	45
793	105	42
794	103	45
795	105	43
796	104	45
797	104	46
798	105	45
799	107	43
800	105	46
801	105	47
802	106	46
803	108	44
804	105	48
805	111	40
806	107	47
807	110	43
808	110	44
809	108	48
810	113	40
811	111	45
812	114	40
813	112	45
814	113	44
815	116	38
816	111	49
817	117	38
818	115	44
819	116	43
820	116	44
821	118	41
822	118	42
823	119	41
824	119	42
825	120	41
826	120	42
827	121	40
828	120	44
829	122	40
830	122	42
831	122	44
832	123	42
833	124	40
834	125	40
835	125	41
836	125	43
837	126	41
838	127	40
839	128	39
840	127	44
841	129	39
842	129	41
843	131	35
844	130	42
845	131	39
846	132	39
847	132	41
848	133	39
849	133	42
850	135	35
851	134	41
852	136	37
853	136	39
854	136	42
855	138	35
856	138	38
857	138	41
858	139	38
859	140	39
860	141	37
861	141	38
862	141	42
863	143	35
864	143	38
865	144	38
866	145	37
867	145	38
868	146	39
869	147	37
870	148	35
871	148	38
872	149	38
873	150	37
874	151	35
875	151	38
876	152	37
877	153	37
878	154	37
879	155	35
880	156	35
881	157	35
882	158	35
883	159	35
884	160	35
885	161	33
886	163	33
887	163	34
888	166	32
889	168	32
890	87	30
891	89	32
892	90	34
893	91	35
894	92	35
895	92	36
896	93	36
897	93	38
898	95	37
899	95	38
900	94	40
901	95	40
902	97	38
903	96	40
904	97	40
905	97	41
906	97	42
907	99	40
908	98	42
909	98	43
910	101	40
911	99	43
912	99	44
913	101	42
914	100	44
915	100	45
916	102	43
917	101	45
918	98	48
919	101	46
920	104	43
921	102	46
922	99	49
923	103	46
924	103	47
925	102	48
926	104	47
927	103	48
928	104	48
929	102	50
930	107	45
931	104	49
932	110	42
933	106	48
934	109	45
935	109	46
936	107	49
937	112	42
938	109	48
939	113	42
940	110	48
941	112	46
942	115	41
943	110	50
944	116	40
945	114	46
946	115	45
947	115	46
948	117	43
949	117	44
950	118	43
951	118	44
952	119	43
953	119	44
954	121	41
955	120	45
956	122	41
957	122	43
958	121	46
959	123	43
960	124	41
961	124	42
962	125	42
963	124	45
964	126	42
965	127	41
966	127	42
967	126	46
968	128	42
969	129	42
970	130	39
971	129	45
972	131	40
973	131	41
974	131	44
975	133	40
976	132	44
977	134	39
978	134	42
979	135	40
980	136	40
981	135	45
982	137	39
983	138	39
984	138	42
985	139	39
986	139	42
987	140	40
988	141	39
989	141	43
990	143	36
991	143	39
992	144	39
993	144	40
994	145	39
995	146	40
996	147	38
997	148	36
998	148	39
999	149	39
1000	150	38
1001	151	36
1002	151	39
1003	152	38
1004	153	38
1005	154	38
1006	155	36
1007	156	36
1008	157	36
1009	158	36
1010	159	36
1011	160	36
1012	161	34
1013	162	33
1014	164	35
1015	165	32
1016	167	32
1017	88	31
1018	89	33
1019	89	34
1020	90	35
1021	91	36
1022	91	37
1023	93	37
1024	92	38
1025	94	38
1026	94	39
1027	92	41
1028	93	41
1029	94	41
1030	95	41
1031	96	41
1032	96	42
1033	95	43
1034	96	43
1035	97	43
1036	97	44
1037	96	45
1038	98	44
1039	96	46
1040	98	45
1041	99	45
1042	97	47
1043	99	46
1044	100	46
1045	96	49
1046	100	47
1047	99	48
1048	101	47
1049	98	50
1050	102	47
1051	99	50
1052	101	49
1053	99	51
1054	102	49
1055	103	49
1056	99	52
1057	101	51
1058	103	50
1059	108	45
1060	105	49
1061	107	48
1062	108	47
1063	106	50
1064	111	44
1065	108	49
1066	112	44
1067	109	49
1068	111	47
1069	114	43
1070	109	51
1071	116	41
1072	113	47
1073	114	47
1074	114	48
1075	116	45
1076	116	46
1077	117	45
1078	117	46
1079	118	45
1080	119	45
1081	120	43
1082	119	47
1083	121	43
1084	121	45
1085	120	48
1086	122	45
1087	123	44
1088	124	43
1089	124	44
1090	124	46
1091	125	44
1092	126	43
1093	127	43
1094	125	48
1095	128	43
1096	128	44
1097	130	40
1098	128	47
1099	130	43
1100	131	42
1101	131	45
1102	132	42
1103	132	45
1104	134	40
1105	134	43
1106	135	41
1107	135	42
1108	135	46
1109	137	40
1110	137	42
1111	137	44
1112	139	40
1113	139	43
1114	140	41
1115	141	40
1116	141	44
1117	142	40
1118	143	40
1119	143	41
1120	144	41
1121	145	40
1122	145	42
1123	147	39
1124	147	40
1125	148	40
1126	149	40
1127	149	41
1128	151	37
1129	151	40
1130	152	39
1131	153	39
1132	154	39
1133	155	37
1134	156	37
1135	157	37
1136	158	37
1137	159	37
1138	160	37
1139	161	35
1140	162	34
1141	163	35
1142	166	33
1143	168	33
1144	86	30
1145	88	33
1146	89	35
1147	89	36
1148	90	36
1149	90	38
1150	92	37
1151	91	39
1152	93	39
1153	93	40
1154	90	42
1155	92	42
1156	93	42
1157	94	42
1158	95	42
1159	94	43
1160	94	44
1161	95	44
1162	96	44
1163	95	45
1164	94	46
1165	97	45
1166	95	47
1167	97	46
1168	98	46
1169	96	48
1170	98	47
1171	99	47
1172	94	50
1173	97	49
1174	98	49
1175	100	48
1176	96	51
1177	101	48
1178	95	52
1179	100	50
1180	97	52
1181	101	50
1182	100	51
1183	95	54
1184	100	52
1185	102	51
1186	101	52
1187	104	50
1188	106	49
1189	103	52
1190	105	51
1191	110	46
1192	107	50
1193	111	46
1194	108	50
1195	109	50
1196	113	45
1197	108	52
1198	115	43
1199	113	48
1200	111	51
1201	113	49
1202	115	47
1203	115	48
1204	116	47
1205	116	48
1206	117	47
1207	118	46
1208	119	46
1209	118	48
1210	121	44
1211	120	47
1212	119	50
1213	121	47
1214	122	46
1215	123	45
1216	123	46
1217	123	48
1218	125	45
1219	126	44
1220	126	45
1221	125	49
1222	127	45
1223	128	45
1224	129	43
1225	128	48
1226	130	44
1227	131	43
1228	130	46
1229	132	43
1230	131	47
1231	133	43
1232	133	45
1233	134	44
1234	135	43
1235	134	48
1236	137	41
1237	137	43
1238	137	45
1239	139	41
1240	138	45
1241	140	42
1242	140	43
1243	140	45
1244	142	41
1245	142	43
1246	143	42
1247	144	42
1248	145	41
1249	145	43
1250	146	41
1251	147	41
1252	148	41
1253	148	42
1254	149	42
1255	150	39
1256	151	41
1257	152	40
1258	153	40
1259	154	40
1260	155	38
1261	156	38
1262	157	38
1263	158	38
1264	159	38
1265	160	38
1266	161	36
1267	162	35
1268	164	36
1269	165	33
1270	167	33
1271	87	31
1272	88	34
1273	88	35
1274	88	36
1275	90	37
1276	89	38
1277	91	38
1278	90	40
1279	92	39
1280	92	40
1281	89	42
1282	91	42
1283	91	43
1284	92	43
1285	93	43
1286	93	44
1287	92	45
1288	93	45
1289	94	45
1290	93	46
1291	93	47
1292	95	46
1293	92	48
1294	96	47
1295	92	49
1296	95	48
1297	92	50
1298	97	48
1299	92	51
1300	95	50
1301	96	50
1302	97	50
1303	94	52
1304	100	49
1305	93	53
1306	98	51
1307	95	53
1308	98	52
1309	97	53
1310	92	55
1311	98	53
1312	99	53
1313	98	54
1314	103	51
1315	105	50
1316	102	53
1317	104	52
1318	109	47
1319	106	51
1320	110	47
1321	106	52
1322	108	51
1323	112	47
1324	107	53
1325	114	45
1326	112	49
1327	110	52
1328	112	50
1329	113	50
1330	114	49
1331	115	49
1332	115	50
1333	116	49
1334	117	48
1335	118	47
1336	117	50
1337	120	46
1338	119	49
1339	118	51
1340	120	49
1341	121	48
1342	122	47
1343	123	47
1344	122	50
1345	124	47
1346	125	46
1347	125	47
1348	124	50
1349	126	47
1350	127	46
1351	129	44
1352	127	49
1353	129	46
1354	130	45
1355	130	47
1356	131	46
1357	131	48
1358	133	44
1359	133	46
1360	134	45
1361	135	44
1362	133	50
1363	136	43
1364	136	45
1365	137	46
1366	138	43
1367	138	46
1368	139	44
1369	140	44
1370	140	46
1371	142	42
1372	142	44
1373	143	43
1374	143	45
1375	144	43
1376	145	44
1377	146	42
1378	147	42
1379	147	43
1380	148	43
1381	149	43
1382	150	40
1383	150	43
1384	152	41
1385	152	42
1386	153	41
1387	155	39
1388	155	40
1389	156	39
1390	157	39
1391	159	39
1392	160	39
1393	161	37
1394	162	36
1395	163	36
1396	166	34
1397	167	34
1398	88	32
1399	87	33
1400	87	35
1401	88	37
1402	89	37
1403	88	39
1404	90	39
1405	89	40
1406	91	40
1407	91	41
1408	87	43
1409	90	43
1410	89	44
1411	90	44
1412	92	44
1413	91	45
1414	90	46
1415	91	46
1416	92	46
1417	91	47
1418	92	47
1419	94	47
1420	90	49
1421	94	48
1422	89	50
1423	94	49
1424	88	51
1425	95	49
1426	87	52
1427	93	51
1428	94	51
1429	95	51
1430	93	52
1431	97	51
1432	89	54
1433	96	52
1434	92	54
1435	96	53
1436	94	54
1437	88	56
1438	96	54
1439	97	54
1440	96	55
1441	102	52
1442	104	51
1443	100	54
1444	101	54
1445	103	53
1446	105	52
1447	107	51
1448	105	53
1449	107	52
1450	111	48
1451	106	54
1452	112	48
1453	111	50
1454	109	53
1455	110	53
1456	112	51
1457	112	52
1458	114	50
1459	114	51
1460	114	52
1461	116	50
1462	117	49
1463	115	53
1464	119	48
1465	118	50
1466	117	53
1467	119	51
1468	120	50
1469	122	48
1470	122	49
1471	121	51
1472	123	49
1473	124	48
1474	124	49
1475	124	51
1476	126	48
1477	127	47
1478	128	46
1479	127	50
1480	128	49
1481	129	47
1482	129	49
1483	130	48
1484	130	50
1485	132	46
1486	132	48
1487	133	47
1488	134	46
1489	133	51
1490	136	44
1491	136	46
1492	136	48
1493	138	44
1494	138	47
1495	139	45
1496	139	46
1497	140	47
1498	141	45
1499	142	45
1500	143	44
1501	143	46
1502	144	44
1503	144	46
1504	146	43
1505	146	44
1506	147	44
1507	148	44
1508	149	44
1509	150	41
1510	150	44
1511	151	42
1512	152	43
1513	153	42
1514	154	41
1515	155	41
1516	156	40
1517	157	40
1518	158	39
1519	160	40
1520	161	38
1521	162	37
1522	164	37
1523	165	34
1524	167	35
1525	87	32
1526	87	34
1527	87	36
1528	87	37
1529	88	38
1530	87	39
1531	89	39
1532	88	40
1533	90	41
1534	88	42
1535	86	43
1536	89	43
1537	88	44
1538	87	45
1539	91	44
1540	90	45
1541	89	46
1542	88	47
1543	90	47
1544	87	48
1545	90	48
1546	91	48
1547	89	49
1548	93	48
1549	88	50
1550	93	49
1551	87	51
1552	93	50
1553	86	52
1554	89	52
1555	91	52
1556	92	52
1557	90	53
1558	92	53
1559	88	54
1560	94	53
1561	87	55
1562	93	54
1563	91	55
1564	87	56
1565	93	55
1566	95	55
1567	93	56
1568	100	53
1569	101	53
1570	96	56
1571	99	55
1572	102	54
1573	104	53
1574	103	54
1575	104	54
1576	106	53
1577	110	49
1578	105	55
1579	109	52
1580	110	51
1581	108	54
1582	109	54
1583	111	52
1584	111	53
1585	113	51
1586	113	52
1587	113	53
1588	115	51
1589	116	51
1590	114	54
1591	118	49
1592	117	52
1593	116	54
1594	118	52
1595	119	52
1596	121	49
1597	121	50
1598	120	53
1599	122	51
1600	123	50
1601	123	51
1602	123	52
1603	125	50
1604	126	49
1605	127	48
1606	126	51
1607	127	51
1608	129	48
1609	129	50
1610	130	49
1611	129	52
1612	132	47
1613	131	50
1614	133	48
1615	134	47
1616	132	52
1617	135	47
1618	136	47
1619	135	50
1620	137	47
1621	137	48
1622	138	48
1623	139	47
1624	139	48
1625	141	46
1626	141	47
1627	142	46
1628	142	48
1629	144	45
1630	144	47
1631	145	45
1632	146	45
1633	147	45
1634	148	45
1635	148	46
1636	150	42
1637	150	45
1638	151	43
1639	152	44
1640	153	43
1641	154	42
1642	155	42
1643	156	41
1644	157	41
1645	158	40
1646	159	40
1647	161	39
1648	162	38
1649	163	37
1650	165	35
1651	166	35
1652	86	31
1653	86	34
1654	86	36
1655	86	37
1656	87	38
1657	86	39
1658	87	40
1659	86	41
1660	89	41
1661	87	42
1662	85	43
1663	88	43
1664	87	44
1665	86	45
1666	89	45
1667	87	46
1668	88	46
1669	87	47
1670	89	47
1671	86	48
1672	89	48
1673	87	49
1674	88	49
1675	91	49
1676	87	50
1677	91	50
1678	86	51
1679	91	51
1680	85	52
1681	88	52
1682	90	52
1683	88	53
1684	89	53
1685	91	53
1686	87	54
1687	91	54
1688	86	55
1689	89	55
1690	90	55
1691	86	56
1692	90	56
1693	94	55
1694	92	56
1695	97	55
1696	99	54
1697	74	56
1698	97	56
1699	100	55
1700	101	55
1701	102	55
1702	101	56
1703	103	55
1704	105	54
1705	67	56
1706	108	53
1707	107	54
1708	107	55
1709	106	56
1710	108	55
1711	110	54
1712	111	54
1713	112	53
1714	112	54
1715	113	54
1716	115	52
1717	113	55
1718	117	51
1719	116	53
1720	115	55
1721	116	55
1722	118	53
1723	120	51
1724	120	52
1725	119	54
1726	121	52
1727	122	52
1728	122	53
1729	122	54
1730	124	52
1731	125	51
1732	126	50
1733	126	52
1734	126	53
1735	128	50
1736	128	51
1737	129	51
1738	128	53
1739	131	49
1740	131	51
1741	132	49
1742	133	49
1743	38	52
1744	134	49
1745	135	48
1746	135	51
1747	136	49
1748	137	49
1749	137	50
1750	138	49
1751	139	49
1752	140	48
1753	141	48
1754	142	47
1755	142	49
1756	143	47
1757	144	48
1758	145	46
1759	146	46
1760	146	47
1761	147	46
1762	148	47
1763	149	45
1764	150	46
1765	151	44
1766	152	45
1767	153	44
1768	154	43
1769	155	43
1770	156	42
1771	157	42
1772	158	41
1773	159	41
1774	161	40
1775	162	39
1776	163	38
1777	165	36
1778	166	36
1779	86	32
1780	86	35
1781	85	36
1782	85	37
1783	86	38
1784	85	39
1785	86	40
1786	85	41
1787	88	41
1788	86	42
1789	84	43
1790	82	43
1791	86	44
1792	85	45
1793	88	45
1794	86	46
1795	82	46
1796	86	47
1797	81	47
1798	85	48
1799	88	48
1800	86	49
1801	82	49
1802	86	50
1803	83	50
1804	90	50
1805	85	51
1806	90	51
1807	84	52
1808	82	52
1809	86	53
1810	87	53
1811	81	53
1812	86	54
1813	83	54
1814	90	54
1815	85	55
1816	88	55
1817	80	55
1818	85	56
1819	89	56
1820	91	56
1821	78	56
1822	94	56
1823	98	55
1824	70	54
1825	73	56
1826	98	56
1827	99	56
1828	100	56
1829	69	56
1830	102	56
1831	104	55
1832	65	55
1833	104	56
1834	106	55
1835	63	55
1836	64	56
1837	107	56
1838	109	55
1839	110	55
1840	58	53
1841	111	55
1842	112	55
1843	114	53
1844	57	55
1845	116	52
1846	115	54
1847	55	55
1848	54	55
1849	117	54
1850	118	54
1851	119	53
1852	51	54
1853	120	54
1854	121	53
1855	121	54
1856	48	54
1857	123	53
1858	124	53
1859	125	52
1860	125	53
1861	44	53
1862	127	52
1863	127	53
1864	128	52
1865	42	53
1866	130	51
1867	130	52
1868	132	50
1869	132	51
1870	37	51
1871	134	50
1872	135	49
1873	35	51
1874	136	50
1875	136	51
1876	33	50
1877	138	50
1878	139	50
1879	140	49
1880	140	50
1881	141	49
1882	28	49
1883	143	48
1884	143	49
1885	145	47
1886	145	48
1887	146	48
1888	147	47
1889	22	47
1890	149	46
1891	20	46
1892	151	45
1893	151	46
1894	153	45
1895	154	44
1896	155	44
1897	156	43
1898	157	43
1899	158	42
1900	159	42
1901	160	41
1902	162	40
1903	163	39
1904	165	37
1905	4	36
1906	86	33
1907	85	34
1908	84	36
1909	84	37
1910	85	38
1911	84	39
1912	85	40
1913	84	41
1914	87	41
1915	84	42
1916	83	43
1917	81	43
1918	85	44
1919	84	45
1920	82	45
1921	85	46
1922	81	46
1923	85	47
1924	80	47
1925	84	48
1926	82	48
1927	85	49
1928	81	49
1929	85	50
1930	82	50
1931	80	50
1932	84	51
1933	89	51
1934	83	52
1935	81	52
1936	85	53
1937	83	53
1938	80	53
1939	85	54
1940	82	54
1941	80	54
1942	84	55
1943	82	55
1944	79	55
1945	84	56
1946	81	56
1947	79	56
1948	77	56
1949	76	56
1950	95	56
1951	68	53
1952	71	55
1953	72	56
1954	71	56
1955	70	56
1956	66	54
1957	68	56
1958	103	56
1959	64	54
1960	66	56
1961	105	56
1962	62	54
1963	61	54
1964	63	56
1965	61	55
1966	60	55
1967	57	52
1968	59	55
1969	58	55
1970	56	53
1971	56	54
1972	114	55
1973	55	54
1974	54	54
1975	52	52
1976	53	54
1977	52	54
1978	51	53
1979	50	53
1980	50	54
1981	49	53
1982	49	54
1983	47	52
1984	47	53
1985	46	53
1986	45	52
1987	45	53
1988	43	51
1989	43	52
1990	43	53
1991	42	52
1992	41	52
1993	40	51
1994	40	52
1995	131	52
1996	38	51
1997	37	50
1998	36	50
1999	134	51
2000	35	50
2001	34	50
2002	34	51
2003	32	48
2004	32	50
2005	31	50
2006	30	49
2007	30	50
2008	29	49
2009	28	48
2010	27	48
2011	27	49
2012	25	47
2013	25	48
2014	24	48
2015	23	47
2016	22	46
2017	149	47
2018	20	45
2019	19	45
2020	19	46
2021	17	45
2022	16	44
2023	15	44
2024	14	43
2025	13	43
2026	12	42
2027	11	42
2028	10	41
2029	8	40
2030	7	39
2031	164	38
2032	4	35
2033	85	30
2034	85	35
2035	83	36
2036	83	37
2037	84	38
2038	83	39
2039	84	40
2040	82	40
2041	85	42
2042	83	42
2043	81	42
2044	80	43
2045	84	44
2046	83	45
2047	81	45
2048	84	46
2049	80	46
2050	84	47
2051	78	46
2052	83	48
2053	81	48
2054	84	49
2055	80	49
2056	84	50
2057	81	50
2058	79	50
2059	83	51
2060	81	51
2061	78	51
2062	77	51
2063	84	53
2064	82	53
2065	77	52
2066	84	54
2067	81	54
2068	79	54
2069	83	55
2070	81	55
2071	76	54
2072	83	56
2073	80	56
2074	76	55
2075	74	55
2076	73	55
2077	75	56
2078	67	52
2079	69	54
2080	70	55
2081	69	55
2082	68	55
2083	65	53
2084	67	55
2085	66	55
2086	63	53
2087	62	53
2088	65	56
2089	61	53
2090	60	53
2091	62	55
2092	60	54
2093	59	54
2094	56	51
2095	58	54
2096	57	54
2097	55	52
2098	55	53
2099	56	55
2100	54	53
2101	53	53
2102	51	51
2103	52	53
2104	50	51
2105	50	52
2106	49	51
2107	49	52
2108	48	52
2109	48	53
2110	46	51
2111	46	52
2112	45	51
2113	44	50
2114	44	52
2115	42	49
2116	42	50
2117	42	51
2118	41	51
2119	40	50
2120	39	49
2121	39	51
2122	39	52
2123	37	49
2124	36	48
2125	36	49
2126	36	51
2127	34	48
2128	34	49
2129	33	49
2130	31	45
2131	32	49
2132	31	49
2133	30	48
2134	29	48
2135	28	47
2136	27	46
2137	27	47
2138	26	48
2139	25	46
2140	24	46
2141	24	47
2142	23	46
2143	21	44
2144	21	47
2145	20	44
2146	19	44
2147	18	45
2148	17	44
2149	16	43
2150	15	43
2151	14	42
2152	13	42
2153	12	41
2154	11	41
2155	9	40
2156	8	39
2157	7	38
2158	6	38
2159	3	35
2160	85	31
2161	84	35
2162	83	35
2163	82	37
2164	83	38
2165	82	39
2166	83	40
2167	81	40
2168	83	41
2169	82	42
2170	80	42
2171	79	42
2172	83	44
2173	80	44
2174	79	44
2175	83	46
2176	78	45
2177	83	47
2178	76	45
2179	79	47
2180	80	48
2181	83	49
2182	78	48
2183	79	49
2184	78	49
2185	77	49
2186	82	51
2187	80	51
2188	76	50
2189	75	50
2190	80	52
2191	78	52
2192	76	52
2193	79	53
2194	77	53
2195	76	53
2196	78	54
2197	77	54
2198	73	53
2199	82	56
2200	77	55
2201	75	55
2202	72	54
2203	70	53
2204	72	55
2205	62	47
2206	66	52
2207	68	54
2208	66	53
2209	67	54
2210	64	52
2211	64	53
2212	65	54
2213	62	52
2214	61	52
2215	64	55
2216	60	52
2217	58	50
2218	59	52
2219	59	53
2220	57	51
2221	55	50
2222	57	53
2223	55	51
2224	54	51
2225	53	50
2226	54	52
2227	53	52
2228	52	51
2229	50	49
2230	51	52
2231	49	49
2232	49	50
2233	48	50
2234	48	51
2235	47	50
2236	47	51
2237	46	50
2238	45	50
2239	44	49
2240	43	48
2241	44	51
2242	41	46
2243	41	48
2244	41	50
2245	40	49
2246	39	48
2247	38	47
2248	39	50
2249	38	50
2250	37	48
2251	36	47
2252	35	47
2253	35	49
2254	33	46
2255	33	47
2256	33	48
2257	31	44
2258	31	47
2259	31	48
2260	29	46
2261	29	47
2262	28	46
2263	27	45
2264	26	45
2265	26	47
2266	25	45
2267	24	45
2268	23	45
2269	22	45
2270	21	43
2271	21	46
2272	20	43
2273	19	43
2274	18	44
2275	17	43
2276	16	42
2277	15	42
2278	14	41
2279	13	41
2280	12	40
2281	11	40
2282	9	39
2283	8	38
2284	7	37
2285	5	37
2286	3	34
2287	85	32
2288	84	34
2289	82	35
2290	82	36
2291	82	38
2292	81	38
2293	81	39
2294	80	40
2295	82	41
2296	79	41
2297	78	41
2298	78	42
2299	82	44
2300	78	43
2301	78	44
2302	80	45
2303	76	44
2304	82	47
2305	74	44
2306	77	46
2307	78	47
2308	79	48
2309	75	47
2310	77	48
2311	72	46
2312	76	49
2313	78	50
2314	79	51
2315	74	49
2316	73	49
2317	79	52
2318	75	51
2319	74	51
2320	78	53
2321	75	52
2322	74	52
2323	75	53
2324	74	53
2325	70	51
2326	78	55
2327	74	54
2328	73	54
2329	69	52
2330	68	52
2331	71	54
2332	61	46
2333	65	51
2334	67	53
2335	65	52
2336	63	51
2337	62	50
2338	63	52
2339	60	49
2340	61	51
2341	58	48
2342	63	54
2343	59	51
2344	57	49
2345	58	51
2346	58	52
2347	56	50
2348	54	48
2349	56	52
2350	54	50
2351	53	49
2352	52	48
2353	53	51
2354	52	50
2355	51	50
2356	49	47
2357	50	50
2358	48	48
2359	48	49
2360	47	48
2361	47	49
2362	46	48
2363	46	49
2364	45	49
2365	44	48
2366	43	47
2367	42	46
2368	43	50
2369	40	44
2370	41	47
2371	41	49
2372	40	48
2373	39	47
2374	38	46
2375	38	48
2376	38	49
2377	36	46
2378	35	46
2379	34	44
2380	35	48
2381	33	45
2382	32	44
2383	32	47
2384	30	42
2385	31	46
2386	30	47
2387	29	45
2388	28	45
2389	27	44
2390	26	42
2391	26	44
2392	26	46
2393	24	43
2394	24	44
2395	23	44
2396	22	44
2397	21	42
2398	21	45
2399	19	41
2400	19	42
2401	18	43
2402	17	42
2403	16	41
2404	15	41
2405	14	40
2406	13	40
2407	12	39
2408	10	40
2409	9	38
2410	8	37
2411	6	37
2412	5	36
2413	3	33
2414	85	33
2415	83	34
2416	81	35
2417	81	36
2418	81	37
2419	80	38
2420	80	39
2421	79	39
2422	81	41
2423	78	40
2424	77	40
2425	77	41
2426	81	44
2427	76	42
2428	77	43
2429	79	45
2430	75	43
2431	79	46
2432	73	43
2433	75	45
2434	77	47
2435	76	47
2436	74	46
2437	76	48
2438	71	45
2439	75	48
2440	72	47
2441	77	50
2442	72	48
2443	70	47
2444	76	51
2445	73	50
2446	72	50
2447	73	51
2448	71	50
2449	72	51
2450	73	52
2451	72	52
2452	67	49
2453	75	54
2454	72	53
2455	71	53
2456	62	45
2457	67	51
2458	69	53
2459	60	44
2460	64	50
2461	61	47
2462	64	51
2463	60	47
2464	61	49
2465	62	51
2466	59	48
2467	60	50
2468	56	45
2469	60	51
2470	57	48
2471	56	48
2472	57	50
2473	56	49
2474	55	49
2475	53	46
2476	54	49
2477	53	48
2478	52	47
2479	51	47
2480	52	49
2481	51	49
2482	50	48
2483	48	45
2484	49	48
2485	48	47
2486	47	47
2487	46	46
2488	46	47
2489	45	46
2490	45	47
2491	45	48
2492	44	47
2493	43	46
2494	41	44
2495	43	49
2496	40	43
2497	40	45
2498	40	47
2499	39	46
2500	38	45
2501	37	44
2502	37	46
2503	37	47
2504	35	43
2505	35	45
2506	34	43
2507	34	47
2508	33	44
2509	32	43
2510	32	46
2511	30	41
2512	30	44
2513	30	46
2514	28	42
2515	28	44
2516	27	43
2517	26	41
2518	26	43
2519	25	44
2520	24	42
2521	23	42
2522	23	43
2523	22	43
2524	21	41
2525	20	42
2526	19	40
2527	18	41
2528	18	42
2529	17	41
2530	15	39
2531	15	40
2532	14	39
2533	13	39
2534	11	39
2535	10	39
2536	9	37
2537	8	36
2538	7	36
2539	5	35
2540	2	33
2541	84	33
2542	83	33
2543	81	34
2544	80	35
2545	80	37
2546	79	37
2547	79	38
2548	78	38
2549	80	41
2550	76	39
2551	76	40
2552	75	40
2553	79	43
2554	75	41
2555	75	42
2556	77	44
2557	73	42
2558	77	45
2559	72	42
2560	73	44
2561	76	46
2562	75	46
2563	71	44
2564	74	47
2565	70	44
2566	74	48
2567	71	46
2568	75	49
2569	66	42
2570	69	46
2571	74	50
2572	70	48
2573	71	49
2574	70	49
2575	67	47
2576	70	50
2577	71	51
2578	69	50
2579	66	48
2580	71	52
2581	70	52
2582	68	51
2583	60	42
2584	66	50
2585	66	51
2586	58	40
2587	63	49
2588	60	46
2589	63	50
2590	59	46
2591	60	48
2592	61	50
2593	57	45
2594	59	49
2595	55	43
2596	59	50
2597	56	47
2598	55	46
2599	55	47
2600	55	48
2601	54	47
2602	52	44
2603	53	47
2604	52	46
2605	51	46
2606	50	45
2607	51	48
2608	50	47
2609	49	46
2610	47	43
2611	48	46
2612	47	45
2613	47	46
2614	46	45
2615	45	45
2616	44	44
2617	44	45
2618	44	46
2619	43	45
2620	42	45
2621	41	43
2622	42	48
2623	39	40
2624	39	43
2625	40	46
2626	38	43
2627	38	44
2628	37	43
2629	37	45
2630	36	45
2631	35	42
2632	35	44
2633	33	41
2634	34	46
2635	32	42
2636	31	41
2637	32	45
2638	30	40
2639	30	43
2640	30	45
2641	28	41
2642	28	43
2643	27	42
2644	26	40
2645	25	41
2646	25	43
2647	24	41
2648	23	41
2649	22	41
2650	22	42
2651	20	38
2652	20	41
2653	19	39
2654	18	40
2655	17	40
2656	16	40
2657	15	38
2658	14	38
2659	13	38
2660	12	38
2661	11	38
2662	10	38
2663	9	36
2664	8	35
2665	6	36
2666	5	34
2667	3	32
2668	84	32
2669	82	34
2670	80	34
2671	79	35
2672	80	36
2673	78	36
2674	78	37
2675	77	38
2676	79	40
2677	75	38
2678	75	39
2679	74	39
2680	77	42
2681	74	40
2682	74	41
2683	76	43
2684	72	41
2685	75	44
2686	71	41
2687	72	43
2688	74	45
2689	73	45
2690	70	43
2691	73	46
2692	69	43
2693	73	47
2694	68	43
2695	73	48
2696	65	40
2697	68	45
2698	72	49
2699	69	47
2700	66	44
2701	69	48
2702	64	43
2703	69	49
2704	64	44
2705	68	49
2706	65	47
2707	68	50
2708	69	51
2709	67	50
2710	59	40
2711	65	49
2712	65	50
2713	57	38
2714	62	48
2715	59	44
2716	62	49
2717	58	44
2718	58	45
2719	59	47
2720	56	43
2721	58	47
2722	54	41
2723	58	49
2724	55	45
2725	54	44
2726	54	45
2727	54	46
2728	53	45
2729	51	42
2730	52	45
2731	51	45
2732	50	43
2733	50	44
2734	50	46
2735	49	45
2736	48	44
2737	47	42
2738	47	44
2739	46	43
2740	46	44
2741	45	43
2742	45	44
2743	44	43
2744	43	43
2745	43	44
2746	42	43
2747	42	44
2748	40	40
2749	42	47
2750	39	39
2751	39	42
2752	39	45
2753	38	42
2754	37	42
2755	36	40
2756	36	43
2757	36	44
2758	34	40
2759	34	42
2760	33	40
2761	34	45
2762	32	41
2763	31	40
2764	31	43
2765	29	37
2766	29	40
2767	29	44
2768	28	40
2769	27	40
2770	27	41
2771	25	37
2772	25	40
2773	25	42
2774	23	39
2775	23	40
2776	22	40
2777	21	40
2778	20	37
2779	20	40
2780	19	38
2781	18	39
2782	17	39
2783	16	39
2784	15	37
2785	14	37
2786	13	37
2787	12	37
2788	11	37
2789	10	37
2790	9	35
2791	8	34
2792	7	35
2793	4	34
2794	2	32
2795	84	31
2796	82	33
2797	80	33
2798	79	34
2799	79	36
2800	77	35
2801	77	37
2802	76	37
2803	78	39
2804	74	36
2805	74	38
2806	73	37
2807	76	41
2808	73	39
2809	73	40
2810	74	42
2811	71	39
2812	74	43
2813	70	40
2814	71	42
2815	69	40
2816	72	44
2817	68	40
2818	72	45
2819	68	42
2820	70	45
2821	67	42
2822	71	47
2823	64	38
2824	67	44
2825	71	48
2826	68	46
2827	65	43
2828	68	47
2829	63	41
2830	68	48
2831	63	43
2832	67	48
2833	63	44
2834	64	46
2835	63	45
2836	66	49
2837	59	39
2838	64	48
2839	64	49
2840	57	37
2841	60	45
2842	58	42
2843	61	48
2844	57	42
2845	57	43
2846	58	46
2847	55	41
2848	57	46
2849	54	40
2850	57	47
2851	54	43
2852	53	42
2853	53	43
2854	53	44
2855	52	43
2856	50	39
2857	51	43
2858	51	44
2859	49	41
2860	49	42
2861	49	44
2862	48	42
2863	48	43
2864	46	39
2865	46	41
2866	46	42
2867	45	42
2868	44	40
2869	44	42
2870	43	41
2871	43	42
2872	42	41
2873	42	42
2874	41	42
2875	40	39
2876	41	45
2877	38	36
2878	39	41
2879	39	44
2880	37	40
2881	37	41
2882	36	39
2883	36	42
2884	35	41
2885	34	39
2886	34	41
2887	33	39
2888	33	43
2889	32	40
2890	31	39
2891	31	42
2892	29	36
2893	29	39
2894	29	43
2895	27	36
2896	27	39
2897	26	39
2898	25	36
2899	25	39
2900	24	40
2901	23	38
2902	22	36
2903	22	39
2904	21	39
2905	20	36
2906	20	39
2907	18	34
2908	18	38
2909	17	38
2910	16	38
2911	15	36
2912	14	36
2913	13	36
2914	12	36
2915	11	36
2916	10	36
2917	9	34
2918	8	33
2919	6	35
2920	5	33
2921	3	31
2922	83	32
2923	82	32
2924	79	33
2925	78	33
2926	78	35
2927	76	34
2928	77	36
2929	76	36
2930	77	39
2931	73	35
2932	74	37
2933	72	36
2934	73	38
2935	72	38
2936	72	39
2937	73	41
2938	70	38
2939	71	40
2940	69	38
2941	70	41
2942	68	38
2943	71	43
2944	67	39
2945	69	42
2946	67	40
2947	69	44
2948	66	40
2949	70	46
2950	63	36
2951	65	41
2952	66	43
2953	67	45
2954	64	42
2955	67	46
2956	62	39
2957	66	46
2958	62	41
2959	66	47
2960	62	42
2961	62	43
2962	62	44
2963	65	48
2964	58	37
2965	63	47
2966	63	48
2967	56	33
2968	59	43
2969	57	40
2970	59	45
2971	56	40
2972	56	41
2973	57	44
2974	54	38
2975	56	44
2976	53	38
2977	56	46
2978	53	41
2979	52	39
2980	52	41
2981	52	42
2982	51	41
2983	50	38
2984	50	41
2985	50	42
2986	49	40
2987	48	39
2988	49	43
2989	47	39
2990	47	41
2991	45	35
2992	46	40
2993	45	40
2994	45	41
2995	44	39
2996	44	41
2997	43	40
2998	42	39
2999	42	40
3000	41	39
3001	41	41
3002	39	35
3003	40	42
3004	38	35
3005	38	39
3006	38	41
3007	37	39
3008	36	38
3009	35	35
3010	36	41
3011	35	40
3012	34	38
3013	33	38
3014	32	35
3015	33	42
3016	31	37
3017	31	38
3018	30	39
3019	29	35
3020	29	38
3021	29	42
3022	27	35
3023	27	38
3024	26	38
3025	25	35
3026	25	38
3027	24	39
3028	23	37
3029	22	35
3030	22	38
3031	21	38
3032	20	35
3033	19	37
3034	18	33
3035	18	37
3036	17	37
3037	16	37
3038	15	35
3039	14	35
3040	13	35
3041	12	35
3042	11	35
3043	10	35
3044	9	33
3045	7	33
3046	7	34
3047	4	33
3048	2	31
3049	84	30
3050	81	33
3051	79	32
3052	78	32
3053	78	34
3054	76	33
3055	76	35
3056	75	35
3057	76	38
3058	73	34
3059	73	36
3060	72	35
3061	72	37
3062	71	36
3063	71	37
3064	72	40
3065	69	36
3066	70	39
3067	68	36
3068	69	39
3069	67	37
3070	70	42
3071	67	38
3072	68	41
3073	65	36
3074	67	41
3075	64	36
3076	69	45
3077	63	35
3078	64	39
3079	65	42
3080	64	41
3081	63	40
3082	66	45
3083	61	37
3084	65	45
3085	61	39
3086	65	46
3087	61	41
3088	60	39
3089	61	42
3090	64	47
3091	58	36
3092	62	46
3093	61	45
3094	56	32
3095	58	41
3096	56	37
3097	58	43
3098	56	39
3099	55	38
3100	56	42
3101	54	37
3102	55	42
3103	53	37
3104	55	44
3105	53	40
3106	52	38
3107	52	40
3108	51	39
3109	51	40
3110	49	35
3111	50	40
3112	49	39
3113	48	38
3114	47	35
3115	48	41
3116	46	35
3117	47	40
3118	45	34
3119	45	38
3120	45	39
3121	44	38
3122	43	36
3123	43	38
3124	43	39
3125	42	38
3126	41	37
3127	41	38
3128	41	40
3129	39	34
3130	40	41
3131	38	34
3132	38	38
3133	38	40
3134	37	38
3135	36	37
3136	35	34
3137	35	39
3138	34	36
3139	34	37
3140	33	37
3141	32	34
3142	32	39
3143	31	36
3144	30	34
3145	30	38
3146	29	34
3147	28	34
3148	29	41
3149	27	34
3150	27	37
3151	26	37
3152	25	34
3153	24	34
3154	24	38
3155	23	36
3156	22	34
3157	22	37
3158	21	37
3159	20	34
3160	19	36
3161	18	32
3162	18	36
3163	17	36
3164	16	36
3165	15	34
3166	14	34
3167	13	34
3168	12	34
3169	11	34
3170	10	34
3171	9	32
3172	8	32
3173	6	34
3174	5	32
3175	3	30
3176	83	31
3177	81	32
3178	79	31
3179	77	32
3180	77	34
3181	75	32
3182	75	34
3183	74	34
3184	75	37
3185	72	32
3186	72	34
3187	71	34
3188	71	35
3189	70	34
3190	70	36
3191	71	38
3192	68	34
3193	69	37
3194	67	34
3195	68	37
3196	67	36
3197	69	41
3198	66	36
3199	66	38
3200	64	33
3201	66	39
3202	63	32
3203	68	44
3204	62	31
3205	63	37
3206	64	40
3207	63	39
3208	62	38
3209	65	44
3210	60	33
3211	63	42
3212	60	36
3213	64	45
3214	60	38
3215	59	36
3216	60	40
3217	63	46
3218	57	32
3219	61	44
3220	60	43
3221	56	31
3222	57	39
3223	56	36
3224	57	41
3225	55	37
3226	54	34
3227	55	40
3228	53	34
3229	54	39
3230	52	33
3231	54	42
3232	52	37
3233	51	35
3234	51	37
3235	51	38
3236	50	37
3237	49	34
3238	49	37
3239	49	38
3240	48	37
3241	47	34
3242	48	40
3243	46	34
3244	46	38
3245	45	33
3246	45	37
3247	44	36
3248	44	37
3249	43	35
3250	43	37
3251	42	37
3252	41	33
3253	41	36
3254	40	33
3255	40	38
3256	39	33
3257	39	38
3258	38	33
3259	38	37
3260	37	37
3261	36	33
3262	36	36
3263	35	33
3264	35	38
3265	34	35
3266	33	33
3267	33	36
3268	32	33
3269	32	38
3270	31	35
3271	30	33
3272	30	37
3273	29	33
3274	28	33
3275	28	39
3276	27	33
3277	26	33
3278	26	36
3279	25	33
3280	24	33
3281	24	37
3282	23	35
3283	22	33
3284	21	33
3285	21	36
3286	20	33
3287	19	35
3288	18	31
3289	18	35
3290	17	35
3291	16	35
3292	15	33
3293	14	33
3294	13	33
3295	12	33
3296	11	33
3297	10	33
3298	9	31
3299	7	32
3300	6	33
3301	4	32
3302	2	30
3303	82	31
3304	80	32
3305	78	31
3306	77	31
3307	77	33
3308	75	31
3309	75	33
3310	74	33
3311	75	36
3312	72	31
3313	72	33
3314	71	33
3315	70	33
3316	69	31
3317	70	35
3318	70	37
3319	68	33
3320	68	35
3321	67	33
3322	67	35
3323	66	34
3324	68	39
3325	65	34
3326	66	37
3327	64	32
3328	65	38
3329	63	31
3330	67	43
3331	62	30
3332	62	33
3333	63	38
3334	62	36
3335	62	37
3336	61	36
3337	60	32
3338	62	40
3339	59	31
3340	61	40
3341	59	35
3342	58	32
3343	59	37
3344	61	43
3345	57	31
3346	59	41
3347	59	42
3348	56	27
3349	56	35
3350	55	32
3351	56	38
3352	55	36
3353	54	33
3354	55	39
3355	53	33
3356	53	36
3357	52	32
3358	53	39
3359	51	32
3360	51	34
3361	51	36
3362	50	35
3363	50	36
3364	49	33
3365	49	36
3366	48	35
3367	48	36
3368	47	33
3369	47	38
3370	46	33
3371	46	37
3372	45	32
3373	45	36
3374	44	35
3375	43	32
3376	43	34
3377	42	32
3378	42	36
3379	41	32
3380	41	35
3381	40	32
3382	40	37
3383	39	32
3384	39	37
3385	38	32
3386	37	32
3387	37	36
3388	36	32
3389	36	35
3390	35	32
3391	35	37
3392	34	34
3393	33	32
3394	33	35
3395	32	32
3396	32	37
3397	31	34
3398	30	32
3399	30	36
3400	29	32
3401	28	32
3402	28	38
3403	27	32
3404	26	32
3405	26	35
3406	25	32
3407	24	32
3408	24	36
3409	23	34
3410	22	32
3411	21	32
3412	21	35
3413	20	32
3414	19	34
3415	18	30
3416	17	32
3417	17	34
3418	16	34
3419	15	32
3420	14	32
3421	13	32
3422	12	32
3423	11	32
3424	10	32
3425	9	30
3426	8	31
3427	6	32
3428	5	31
3429	3	29
3430	83	30
3431	81	31
3432	79	30
3433	77	30
3434	76	32
3435	75	30
3436	74	31
3437	74	32
3438	74	35
3439	72	30
3440	71	31
3441	71	32
3442	70	32
3443	69	30
3444	69	33
3445	69	35
3446	68	32
3447	67	31
3448	67	32
3449	66	31
3450	66	33
3451	66	35
3452	65	33
3453	65	35
3454	64	31
3455	65	37
3456	63	30
3457	66	41
3458	62	29
3459	62	32
3460	62	35
3461	61	32
3462	61	34
3463	61	35
3464	60	31
3465	61	38
3466	59	30
3467	60	37
3468	59	34
3469	58	31
3470	58	34
3471	60	41
3472	57	30
3473	58	38
3474	58	39
3475	56	26
3476	56	34
3477	55	31
3478	55	35
3479	54	31
3480	54	32
3481	54	36
3482	53	32
3483	53	35
3484	52	31
3485	52	36
3486	51	31
3487	51	33
3488	50	31
3489	50	34
3490	49	31
3491	49	32
3492	48	31
3493	48	34
3494	47	31
3495	47	32
3496	47	37
3497	46	32
3498	46	36
3499	45	31
3500	44	31
3501	44	34
3502	43	31
3503	43	33
3504	42	31
3505	42	35
3506	41	31
3507	41	34
3508	40	31
3509	40	36
3510	39	31
3511	39	36
3512	38	31
3513	37	31
3514	37	35
3515	36	31
3516	36	34
3517	35	31
3518	35	36
3519	34	33
3520	33	31
3521	33	34
3522	32	31
3523	32	36
3524	31	33
3525	30	31
3526	30	35
3527	29	31
3528	28	31
3529	28	37
3530	27	31
3531	26	31
3532	26	34
3533	25	31
3534	24	31
3535	24	35
3536	23	33
3537	22	31
3538	21	31
3539	21	34
3540	20	31
3541	19	33
3542	18	29
3543	17	31
3544	17	33
3545	16	33
3546	15	31
3547	14	31
3548	13	31
3549	12	31
3550	11	31
3551	10	31
3552	8	30
3553	7	31
3554	6	31
3555	4	31
3556	2	29
3557	82	30
3558	80	31
3559	78	30
3560	77	29
3561	76	31
3562	75	29
3563	74	30
3564	73	30
3565	73	33
3566	72	29
3567	71	30
3568	71	26
3569	70	31
3570	69	29
3571	69	32
3572	69	34
3573	68	31
3574	67	30
3575	67	26
3576	66	30
3577	66	32
3578	65	31
3579	65	32
3580	64	30
3581	64	27
3582	64	35
3583	63	29
3584	65	39
3585	62	28
3586	62	26
3587	62	34
3588	61	31
3589	61	33
3590	60	30
3591	60	27
3592	60	35
3593	59	29
3594	59	33
3595	59	24
3596	58	30
3597	58	33
3598	59	38
3599	57	29
3600	57	34
3601	57	36
3602	56	25
3603	56	24
3604	55	30
3605	55	34
3606	54	30
3607	54	26
3608	54	35
3609	53	31
3610	53	23
3611	52	30
3612	52	35
3613	51	30
3614	51	25
3615	50	30
3616	50	33
3617	49	30
3618	49	26
3619	48	30
3620	48	33
3621	47	30
3622	47	26
3623	47	36
3624	46	27
3625	45	30
3626	45	27
3627	44	30
3628	44	33
3629	43	30
3630	43	26
3631	42	30
3632	42	34
3633	41	30
3634	41	24
3635	40	30
3636	40	35
3637	39	30
3638	38	30
3639	38	27
3640	37	30
3641	37	34
3642	36	30
3643	36	24
3644	35	30
3645	34	30
3646	34	32
3647	33	30
3648	33	24
3649	32	30
3650	31	32
3651	31	26
3652	30	30
3653	29	30
3654	29	28
3655	28	30
3656	28	36
3657	27	30
3658	26	30
3659	25	30
3660	25	28
3661	24	30
3662	23	30
3663	23	32
3664	22	30
3665	21	30
3666	20	30
3667	20	28
3668	19	32
3669	18	28
3670	17	30
3671	16	30
3672	16	32
3673	15	30
3674	14	30
3675	13	30
3676	12	30
3677	11	30
3678	10	30
3679	9	29
3680	7	30
3681	6	30
3682	5	30
3683	1	29
3684	81	30
3685	80	30
3686	78	29
3687	77	28
3688	76	30
3689	75	28
3690	74	29
3691	73	29
3692	73	32
3693	72	28
3694	71	29
3695	71	25
3696	70	30
3697	69	28
3698	69	26
3699	68	30
3700	68	27
3701	67	29
3702	67	25
3703	66	29
3704	66	26
3705	65	30
3706	65	26
3707	64	29
3708	64	26
3709	64	34
3710	63	28
3711	64	37
3712	62	27
3713	62	25
3714	61	30
3715	61	27
3716	61	25
3717	60	29
3718	60	26
3719	60	34
3720	59	28
3721	59	32
3722	59	23
3723	58	29
3724	58	25
3725	58	35
3726	57	28
3727	57	33
3728	57	35
3729	57	21
3730	56	23
3731	55	29
3732	55	33
3733	54	29
3734	54	25
3735	53	29
3736	53	30
3737	53	22
3738	52	29
3739	52	34
3740	51	29
3741	51	24
3742	50	29
3743	50	32
3744	49	29
3745	49	25
3746	48	29
3747	48	32
3748	47	29
3749	47	25
3750	46	31
3751	46	26
3752	45	29
3753	45	26
3754	44	29
3755	44	32
3756	43	29
3757	43	25
3758	42	29
3759	42	33
3760	41	29
3761	41	23
3762	40	29
3763	40	34
3764	39	29
3765	38	29
3766	38	26
3767	37	29
3768	37	33
3769	36	29
3770	36	23
3771	35	29
3772	34	29
3773	34	31
3774	33	29
3775	33	23
3776	32	29
3777	31	31
3778	31	25
3779	30	29
3780	29	29
3781	29	27
3782	28	29
3783	28	35
3784	27	29
3785	26	29
3786	25	29
3787	25	27
3788	24	29
3789	23	29
3790	23	31
3791	22	29
3792	21	29
3793	20	29
3794	20	27
3795	19	31
3796	18	27
3797	17	29
3798	16	29
3799	16	31
3800	15	29
3801	14	29
3802	13	29
3803	12	29
3804	11	29
3805	10	29
3806	8	29
3807	7	29
3808	6	29
3809	4	30
3810	2	28
3811	84	29
3812	80	29
3813	78	28
3814	77	27
3815	76	29
3816	75	27
3817	74	28
3818	73	28
3819	73	31
3820	72	27
3821	71	28
3822	71	24
3823	70	29
3824	69	27
3825	69	25
3826	68	29
3827	68	26
3828	67	28
3829	67	24
3830	66	28
3831	66	25
3832	65	29
3833	65	25
3834	64	28
3835	64	25
3836	64	24
3837	63	27
3838	63	34
3839	63	23
3840	63	21
3841	61	29
3842	61	26
3843	61	24
3844	60	28
3845	60	25
3846	60	24
3847	59	27
3848	59	26
3849	60	20
3850	58	28
3851	58	24
3852	58	23
3853	57	27
3854	57	25
3855	56	30
3856	58	18
3857	57	20
3858	55	28
3859	55	25
3860	54	28
3861	54	24
3862	54	23
3863	53	28
3864	54	19
3865	52	28
3866	52	24
3867	51	28
3868	51	23
3869	50	28
3870	50	26
3871	49	28
3872	49	24
3873	48	28
3874	48	26
3875	47	28
3876	47	24
3877	46	30
3878	46	25
3879	45	28
3880	45	25
3881	44	28
3882	44	26
3883	43	28
3884	43	24
3885	42	28
3886	42	25
3887	41	28
3888	41	22
3889	40	28
3890	40	24
3891	39	28
3892	38	28
3893	38	25
3894	37	28
3895	37	25
3896	36	28
3897	36	22
3898	35	28
3899	34	28
3900	34	27
3901	33	28
3902	33	22
3903	32	28
3904	31	30
3905	31	24
3906	30	28
3907	30	23
3908	29	26
3909	28	28
3910	28	23
3911	27	28
3912	26	28
3913	26	24
3914	25	26
3915	24	28
3916	23	28
3917	23	27
3918	22	28
3919	21	28
3920	21	24
3921	20	26
3922	19	30
3923	18	26
3924	17	28
3925	16	28
3926	16	27
3927	15	28
3928	14	28
3929	13	28
3930	12	28
3931	11	28
3932	10	28
3933	8	28
3934	7	28
3935	6	28
3936	5	29
3937	3	28
3938	83	29
3939	79	29
3940	79	28
3941	77	26
3942	76	28
3943	75	26
3944	74	27
3945	74	26
3946	73	27
3947	72	26
3948	71	27
3949	72	23
3950	70	28
3951	70	24
3952	70	23
3953	68	28
3954	68	25
3955	67	27
3956	68	22
3957	66	27
3958	66	24
3959	65	28
3960	65	24
3961	65	23
3962	65	22
3963	64	23
3964	63	26
3965	63	33
3966	63	22
3967	64	19
3968	61	28
3969	62	22
3970	62	21
3971	61	23
3972	61	21
3973	60	23
3974	60	22
3975	59	25
3976	61	17
3977	58	27
3978	59	21
3979	59	20
3980	57	26
3981	57	24
3982	56	29
3983	59	16
3984	57	19
3985	55	27
3986	55	24
3987	54	27
3988	55	20
3989	54	22
3990	53	27
3991	55	16
3992	52	27
3993	52	23
3994	51	27
3995	52	20
3996	50	27
3997	50	25
3998	49	27
3999	49	23
4000	48	27
4001	48	25
4002	47	27
4003	47	23
4004	46	29
4005	46	24
4006	46	22
4007	45	24
4008	44	27
4009	44	25
4010	43	27
4011	43	23
4012	42	27
4013	42	24
4014	41	27
4015	41	21
4016	40	27
4017	40	23
4018	39	27
4019	39	22
4020	38	24
4021	37	27
4022	37	24
4023	36	27
4024	36	21
4025	35	27
4026	35	22
4027	34	26
4028	33	27
4029	33	21
4030	32	27
4031	31	29
4032	31	23
4033	30	27
4034	30	22
4035	29	25
4036	28	27
4037	28	22
4038	27	27
4039	26	27
4040	26	23
4041	25	25
4042	24	27
4043	24	23
4044	23	26
4045	22	27
4046	21	27
4047	21	23
4048	20	25
4049	19	29
4050	18	25
4051	17	27
4052	17	25
4053	16	26
4054	15	27
4055	14	27
4056	13	27
4057	12	27
4058	11	27
4059	10	27
4060	9	28
4061	7	27
4062	6	27
4063	4	29
4064	2	27
4065	82	29
4066	80	28
4067	78	27
4068	78	26
4069	76	27
4070	76	25
4071	75	25
4072	74	25
4073	73	26
4074	73	24
4075	72	25
4076	72	22
4077	70	27
4078	71	22
4079	70	22
4080	69	24
4081	68	24
4082	68	23
4083	69	20
4084	67	23
4085	67	22
4086	65	27
4087	66	22
4088	66	21
4089	67	18
4090	65	21
4091	64	22
4092	63	25
4093	64	20
4094	65	17
4095	62	24
4096	63	19
4097	62	20
4098	61	22
4099	62	19
4100	61	20
4101	61	19
4102	60	21
4103	62	16
4104	58	26
4105	60	18
4106	60	17
4107	58	22
4108	58	20
4109	56	28
4110	60	14
4111	58	17
4112	55	26
4113	55	23
4114	55	22
4115	56	17
4116	55	19
4117	53	26
4118	56	14
4119	52	26
4120	52	22
4121	51	26
4122	52	19
4123	51	22
4124	50	24
4125	50	22
4126	50	20
4127	49	22
4128	48	24
4129	48	22
4130	48	20
4131	46	28
4132	46	23
4133	46	21
4134	45	23
4135	45	22
4136	44	24
4137	44	22
4138	43	22
4139	42	26
4140	42	23
4141	41	26
4142	42	18
4143	40	26
4144	40	22
4145	39	26
4146	39	21
4147	38	23
4148	37	26
4149	37	23
4150	36	26
4151	36	20
4152	35	26
4153	35	21
4154	34	25
4155	33	26
4156	33	20
4157	32	26
4158	31	28
4159	31	22
4160	30	26
4161	30	21
4162	29	24
4163	28	26
4164	28	21
4165	27	26
4166	26	26
4167	26	22
4168	25	24
4169	24	26
4170	24	22
4171	23	25
4172	22	26
4173	21	26
4174	21	22
4175	20	24
4176	19	28
4177	18	24
4178	17	26
4179	17	24
4180	16	25
4181	15	26
4182	14	26
4183	13	26
4184	12	26
4185	11	26
4186	10	26
4187	9	27
4188	8	27
4189	6	26
4190	4	28
4191	3	27
4192	81	29
4193	80	27
4194	79	27
4195	78	25
4196	76	26
4197	76	24
4198	75	24
4199	74	24
4200	73	25
4201	73	23
4202	72	24
4203	73	21
4204	70	26
4205	72	20
4206	71	21
4207	69	23
4208	69	22
4209	69	21
4210	70	18
4211	68	21
4212	67	21
4213	66	23
4214	67	20
4215	66	20
4216	68	16
4217	65	20
4218	66	18
4219	63	24
4220	65	18
4221	67	14
4222	62	23
4223	64	17
4224	63	18
4225	65	14
4226	63	17
4227	62	18
4228	62	17
4229	61	18
4230	63	14
4231	59	22
4232	61	16
4233	61	15
4234	58	21
4235	61	14
4236	57	23
4237	61	12
4238	59	15
4239	56	22
4240	56	20
4241	55	21
4242	57	15
4243	55	18
4244	53	25
4245	57	12
4246	52	25
4247	53	19
4248	52	21
4249	53	17
4250	51	21
4251	50	23
4252	50	21
4253	50	19
4254	49	21
4255	48	23
4256	48	21
4257	48	19
4258	47	22
4259	47	20
4260	47	18
4261	46	20
4262	45	21
4263	44	23
4264	44	21
4265	44	19
4266	43	21
4267	42	22
4268	41	25
4269	42	17
4270	40	25
4271	40	21
4272	39	25
4273	39	20
4274	38	22
4275	38	21
4276	37	22
4277	36	25
4278	37	17
4279	35	25
4280	35	20
4281	34	24
4282	33	25
4283	34	17
4284	32	25
4285	31	27
4286	31	21
4287	30	25
4288	30	20
4289	29	23
4290	28	25
4291	28	20
4292	27	25
4293	26	25
4294	26	21
4295	25	23
4296	24	25
4297	24	21
4298	23	24
4299	22	25
4300	21	25
4301	21	21
4302	20	23
4303	19	27
4304	19	21
4305	18	23
4306	17	23
4307	16	24
4308	15	25
4309	14	25
4310	13	25
4311	12	25
4312	11	25
4313	10	25
4314	9	26
4315	7	26
4316	6	25
4317	5	28
4318	2	26
4319	81	28
4320	81	27
4321	79	26
4322	79	24
4323	77	25
4324	77	23
4325	76	23
4326	75	23
4327	74	23
4328	74	22
4329	73	22
4330	74	19
4331	70	25
4332	73	19
4333	72	19
4334	70	21
4335	70	20
4336	70	19
4337	71	17
4338	69	19
4339	68	20
4340	68	19
4341	67	19
4342	68	17
4343	69	15
4344	66	19
4345	67	16
4346	64	21
4347	66	16
4348	68	13
4349	63	20
4350	67	13
4351	64	16
4352	66	13
4353	64	15
4354	63	16
4355	63	15
4356	64	13
4357	65	11
4358	60	19
4359	62	14
4360	63	12
4361	59	19
4362	62	12
4363	57	22
4364	62	11
4365	60	13
4366	56	21
4367	57	17
4368	56	19
4369	58	13
4370	56	16
4371	53	24
4372	58	11
4373	53	21
4374	54	16
4375	53	18
4376	53	16
4377	52	18
4378	51	20
4379	51	18
4380	51	16
4381	50	18
4382	49	20
4383	49	18
4384	49	16
4385	47	21
4386	47	19
4387	47	17
4388	46	19
4389	45	20
4390	45	19
4391	44	20
4392	44	18
4393	43	20
4394	43	19
4395	42	21
4396	43	15
4397	41	20
4398	41	18
4399	39	24
4400	40	17
4401	39	19
4402	38	20
4403	37	21
4404	37	20
4405	37	16
4406	35	24
4407	35	19
4408	34	23
4409	34	21
4410	34	16
4411	32	24
4412	32	22
4413	32	18
4414	30	24
4415	30	19
4416	29	22
4417	28	24
4418	28	19
4419	27	24
4420	27	21
4421	26	20
4422	25	22
4423	24	24
4424	24	20
4425	23	23
4426	22	24
4427	22	22
4428	21	20
4429	20	22
4430	19	26
4431	19	20
4432	18	22
4433	17	22
4434	16	23
4435	15	24
4436	14	24
4437	13	24
4438	12	24
4439	11	24
4440	10	24
4441	9	25
4442	8	26
4443	6	24
4444	4	27
4445	3	26
4446	82	28
4447	80	26
4448	79	25
4449	79	23
4450	77	24
4451	78	22
4452	77	22
4453	76	22
4454	75	22
4455	75	20
4456	74	21
4457	75	18
4458	71	23
4459	74	18
4460	73	18
4461	71	20
4462	71	19
4463	71	18
4464	72	16
4465	70	17
4466	69	18
4467	69	17
4468	68	18
4469	69	16
4470	70	14
4471	67	17
4472	68	15
4473	65	19
4474	67	15
4475	69	12
4476	64	18
4477	68	12
4478	65	15
4479	67	12
4480	67	11
4481	65	13
4482	64	14
4483	65	12
4484	66	10
4485	62	15
4486	63	13
4487	64	11
4488	59	18
4489	63	11
4490	58	19
4491	63	10
4492	62	10
4493	57	18
4494	58	15
4495	56	18
4496	60	10
4497	57	14
4498	54	21
4499	59	9
4500	53	20
4501	55	14
4502	54	15
4503	54	14
4504	52	17
4505	51	19
4506	51	17
4507	52	14
4508	50	17
4509	49	19
4510	49	17
4511	50	14
4512	48	18
4513	48	16
4514	48	15
4515	47	16
4516	46	18
4517	45	18
4518	45	17
4519	45	15
4520	44	17
4521	43	18
4522	42	20
4523	43	14
4524	41	19
4525	41	17
4526	39	23
4527	40	16
4528	39	18
4529	38	19
4530	38	18
4531	37	19
4532	38	14
4533	35	23
4534	36	17
4535	34	22
4536	34	20
4537	35	14
4538	32	23
4539	32	21
4540	32	17
4541	31	20
4542	31	17
4543	29	21
4544	29	20
4545	29	17
4546	27	23
4547	27	20
4548	26	19
4549	25	21
4550	25	20
4551	24	19
4552	23	22
4553	22	23
4554	22	21
4555	21	19
4556	20	21
4557	19	25
4558	19	19
4559	18	21
4560	17	21
4561	16	22
4562	15	23
4563	14	23
4564	13	23
4565	12	23
4566	11	23
4567	10	23
4568	9	24
4569	7	25
4570	7	24
4571	5	27
4572	2	25
4573	83	28
4574	81	26
4575	80	25
4576	80	23
4577	78	24
4578	79	21
4579	77	21
4580	76	21
4581	75	21
4582	76	19
4583	74	20
4584	76	18
4585	72	21
4586	75	17
4587	74	17
4588	72	18
4589	72	17
4590	74	15
4591	73	15
4592	71	16
4593	74	13
4594	70	16
4595	70	15
4596	72	13
4597	71	13
4598	69	14
4599	71	12
4600	66	17
4601	71	11
4602	70	11
4603	65	16
4604	69	11
4605	66	14
4606	68	11
4607	71	8
4608	66	12
4609	70	8
4610	66	11
4611	67	9
4612	64	12
4613	69	7
4614	65	10
4615	60	16
4616	64	10
4617	59	17
4618	66	7
4619	63	9
4620	58	16
4621	59	13
4622	57	16
4623	61	9
4624	58	12
4625	54	20
4626	60	8
4627	54	18
4628	56	12
4629	55	13
4630	55	12
4631	53	15
4632	52	16
4633	52	15
4634	53	12
4635	51	15
4636	50	16
4637	50	15
4638	50	13
4639	48	17
4640	49	13
4641	48	14
4642	47	15
4643	46	17
4644	46	16
4645	45	16
4646	46	13
4647	44	16
4648	43	17
4649	42	19
4650	44	12
4651	42	16
4652	41	16
4653	40	20
4654	41	14
4655	40	15
4656	39	17
4657	38	17
4658	37	18
4659	38	13
4660	36	19
4661	36	16
4662	35	18
4663	34	19
4664	35	13
4665	33	19
4666	32	20
4667	32	16
4668	31	19
4669	31	16
4670	30	18
4671	29	19
4672	29	16
4673	27	22
4674	27	19
4675	27	17
4676	26	18
4677	25	19
4678	24	18
4679	23	21
4680	23	19
4681	22	20
4682	21	18
4683	20	20
4684	19	24
4685	19	18
4686	18	20
4687	17	20
4688	16	21
4689	15	22
4690	14	22
4691	13	22
4692	12	22
4693	11	22
4694	10	22
4695	9	23
4696	8	25
4697	6	23
4698	4	26
4699	3	25
4700	82	27
4701	82	26
4702	80	24
4703	81	22
4704	78	23
4705	80	20
4706	78	21
4707	77	20
4708	76	20
4709	78	18
4710	75	19
4711	77	17
4712	73	20
4713	76	16
4714	75	16
4715	73	17
4716	73	16
4717	75	14
4718	74	14
4719	72	15
4720	76	12
4721	71	15
4722	71	14
4723	73	12
4724	72	12
4725	70	13
4726	72	11
4727	68	14
4728	72	10
4729	73	9
4730	66	15
4731	73	8
4732	70	10
4733	69	10
4734	73	7
4735	68	10
4736	71	7
4737	67	10
4738	70	7
4739	68	8
4740	70	6
4741	66	9
4742	62	13
4743	65	9
4744	60	15
4745	67	6
4746	64	8
4747	59	14
4748	61	10
4749	58	14
4750	62	8
4751	59	11
4752	55	17
4753	61	7
4754	54	17
4755	57	11
4756	56	11
4757	56	10
4758	54	13
4759	53	14
4760	53	13
4761	54	10
4762	52	13
4763	51	14
4764	51	13
4765	51	11
4766	49	15
4767	50	11
4768	49	12
4769	48	13
4770	47	14
4771	46	15
4772	46	14
4773	46	12
4774	45	14
4775	44	15
4776	43	16
4777	45	10
4778	42	15
4779	42	14
4780	40	19
4781	41	13
4782	40	14
4783	39	16
4784	39	14
4785	38	16
4786	39	11
4787	36	18
4788	36	15
4789	35	17
4790	34	18
4791	35	12
4792	33	18
4793	32	19
4794	33	14
4795	31	18
4796	31	15
4797	30	17
4798	29	18
4799	29	15
4800	28	18
4801	27	18
4802	27	16
4803	26	17
4804	25	18
4805	25	16
4806	23	20
4807	23	18
4808	22	19
4809	22	17
4810	21	17
4811	19	23
4812	19	17
4813	18	19
4814	17	19
4815	16	20
4816	15	21
4817	14	21
4818	13	21
4819	12	21
4820	11	21
4821	10	21
4822	9	22
4823	8	24
4824	7	23
4825	5	26
4826	3	24
4827	84	28
4828	81	25
4829	81	24
4830	82	22
4831	79	22
4832	81	20
4833	79	20
4834	78	20
4835	77	19
4836	79	17
4837	77	18
4838	78	16
4839	76	17
4840	78	15
4841	77	15
4842	74	16
4843	75	15
4844	77	13
4845	76	13
4846	73	14
4847	77	11
4848	72	14
4849	74	12
4850	76	10
4851	74	11
4852	73	11
4853	74	10
4854	69	13
4855	74	9
4856	75	8
4857	71	10
4858	75	7
4859	71	9
4860	70	9
4861	75	6
4862	69	9
4863	73	6
4864	68	9
4865	72	6
4866	71	6
4867	72	5
4868	67	8
4869	69	6
4870	66	8
4871	61	13
4872	68	5
4873	65	7
4874	60	12
4875	62	9
4876	59	12
4877	63	7
4878	61	8
4879	56	15
4880	62	6
4881	55	15
4882	58	9
4883	57	10
4884	57	9
4885	55	11
4886	54	12
4887	54	11
4888	55	8
4889	53	11
4890	52	12
4891	51	12
4892	52	10
4893	49	14
4894	51	9
4895	50	10
4896	49	11
4897	48	12
4898	47	13
4899	47	12
4900	47	10
4901	45	13
4902	44	14
4903	44	13
4904	45	9
4905	43	13
4906	42	13
4907	40	18
4908	42	11
4909	41	12
4910	39	15
4911	39	13
4912	38	15
4913	39	10
4914	37	15
4915	37	13
4916	36	14
4917	35	16
4918	36	11
4919	33	17
4920	33	16
4921	33	13
4922	32	15
4923	32	13
4924	30	16
4925	30	15
4926	30	13
4927	28	17
4928	28	15
4929	27	15
4930	26	16
4931	25	17
4932	25	15
4933	24	17
4934	23	17
4935	22	18
4936	22	16
4937	21	16
4938	19	22
4939	20	15
4940	18	18
4941	17	18
4942	16	19
4943	15	20
4944	14	20
4945	14	19
4946	13	20
4947	11	20
4948	10	20
4949	9	21
4950	8	23
4951	6	22
4952	4	25
4953	4	24
4954	83	27
4955	82	25
4956	81	23
4957	82	21
4958	80	22
4959	82	20
4960	80	19
4961	79	19
4962	78	19
4963	80	17
4964	78	17
4965	79	16
4966	77	16
4967	80	14
4968	78	14
4969	76	15
4970	76	14
4971	79	12
4972	78	12
4973	75	13
4974	78	11
4975	73	13
4976	75	11
4977	77	10
4978	78	9
4979	75	10
4980	78	8
4981	70	12
4982	76	8
4983	77	7
4984	72	9
4985	78	6
4986	72	8
4987	78	5
4988	77	5
4989	72	7
4990	75	5
4991	69	8
4992	73	5
4993	75	4
4994	74	4
4995	68	7
4996	72	4
4997	67	7
4998	64	9
4999	70	4
5000	66	6
5001	61	11
5002	63	8
5003	60	11
5004	64	6
5005	62	7
5006	57	13
5007	63	5
5008	56	13
5009	59	8
5010	59	7
5011	58	8
5012	57	8
5013	56	9
5014	55	10
5015	56	7
5016	54	9
5017	53	10
5018	52	11
5019	53	8
5020	50	12
5021	52	8
5022	51	8
5023	50	9
5024	49	10
5025	48	11
5026	47	11
5027	48	8
5028	46	11
5029	45	12
5030	45	11
5031	46	8
5032	44	11
5033	43	12
5034	41	15
5035	42	10
5036	42	9
5037	40	13
5038	40	12
5039	39	12
5040	40	8
5041	37	14
5042	37	12
5043	36	13
5044	35	15
5045	36	10
5046	34	15
5047	33	15
5048	34	11
5049	32	14
5050	32	12
5051	31	14
5052	30	14
5053	30	12
5054	28	16
5055	28	14
5056	27	14
5057	27	13
5058	26	15
5059	25	14
5060	24	16
5061	23	16
5062	23	15
5063	22	15
5064	21	15
5065	20	19
5066	20	14
5067	18	17
5068	18	16
5069	17	17
5070	16	18
5071	15	19
5072	14	18
5073	13	19
5074	12	20
5075	10	19
5076	9	20
5077	8	22
5078	7	22
5079	5	25
5080	3	23
5081	83	26
5082	82	24
5083	82	23
5084	83	22
5085	80	21
5086	82	19
5087	81	19
5088	80	18
5089	79	18
5090	82	16
5091	80	16
5092	80	15
5093	79	15
5094	81	14
5095	79	14
5096	77	14
5097	78	13
5098	80	12
5099	80	11
5100	77	12
5101	80	10
5102	75	12
5103	76	11
5104	79	9
5105	81	8
5106	76	9
5107	82	7
5108	73	10
5109	78	7
5110	81	6
5111	74	8
5112	82	5
5113	74	7
5114	79	5
5115	81	4
5116	74	6
5117	78	4
5118	74	5
5119	76	4
5120	78	3
5121	77	3
5122	71	5
5123	74	3
5124	68	6
5125	65	8
5126	72	3
5127	69	4
5128	67	5
5129	64	7
5130	67	4
5131	65	5
5132	63	6
5133	59	10
5134	64	4
5135	58	10
5136	60	7
5137	60	6
5138	60	5
5139	58	7
5140	58	6
5141	55	9
5142	57	6
5143	56	6
5144	54	8
5145	53	9
5146	55	5
5147	51	10
5148	53	6
5149	52	7
5150	51	7
5151	50	8
5152	48	10
5153	48	9
5154	49	7
5155	47	9
5156	46	10
5157	46	9
5158	46	7
5159	44	10
5160	43	11
5161	42	12
5162	43	9
5163	43	7
5164	41	11
5165	40	11
5166	40	10
5167	41	6
5168	38	12
5169	38	10
5170	37	11
5171	36	12
5172	37	8
5173	34	14
5174	34	13
5175	34	10
5176	33	12
5177	32	11
5178	31	13
5179	31	12
5180	30	11
5181	29	14
5182	29	12
5183	28	13
5184	27	12
5185	26	14
5186	26	12
5187	24	15
5188	24	14
5189	23	14
5190	22	14
5191	21	14
5192	20	18
5193	20	13
5194	19	16
5195	18	15
5196	17	16
5197	16	17
5198	15	18
5199	14	17
5200	13	18
5201	12	19
5202	11	19
5203	9	19
5204	8	21
5205	6	21
5206	5	24
5207	4	23
5208	84	27
5209	83	25
5210	83	23
5211	83	21
5212	81	21
5213	83	19
5214	83	18
5215	81	18
5216	81	17
5217	83	16
5218	81	16
5219	81	15
5220	82	14
5221	83	13
5222	81	13
5223	79	13
5224	81	12
5225	83	11
5226	81	11
5227	79	11
5228	81	10
5229	79	10
5230	78	10
5231	80	9
5232	82	8
5233	77	9
5234	83	7
5235	75	9
5236	79	7
5237	82	6
5238	76	7
5239	83	5
5240	76	6
5241	84	4
5242	82	4
5243	76	5
5244	83	3
5245	77	4
5246	79	3
5247	82	2
5248	80	2
5249	73	4
5250	75	3
5251	70	5
5252	69	5
5253	74	2
5254	71	3
5255	68	4
5256	65	6
5257	68	3
5258	66	4
5259	64	5
5260	60	9
5261	65	3
5262	61	6
5263	63	4
5264	61	5
5265	61	4
5266	59	6
5267	59	5
5268	56	8
5269	58	5
5270	57	5
5271	55	7
5272	54	7
5273	56	4
5274	52	9
5275	54	5
5276	53	5
5277	52	6
5278	51	6
5279	49	9
5280	49	8
5281	50	5
5282	48	7
5283	47	8
5284	47	7
5285	47	6
5286	45	8
5287	44	9
5288	43	10
5289	43	8
5290	44	5
5291	41	10
5292	41	9
5293	40	9
5294	42	5
5295	38	11
5296	39	8
5297	38	9
5298	37	10
5299	37	7
5300	35	11
5301	34	12
5302	35	8
5303	33	11
5304	33	10
5305	32	10
5306	31	11
5307	31	10
5308	29	13
5309	29	11
5310	28	12
5311	28	10
5312	26	13
5313	26	11
5314	25	13
5315	24	13
5316	23	13
5317	22	13
5318	22	12
5319	20	17
5320	20	12
5321	19	15
5322	18	14
5323	17	15
5324	16	16
5325	15	17
5326	14	16
5327	13	17
5328	12	18
5329	11	18
5330	9	18
5331	8	20
5332	7	21
5333	5	23
5334	4	22
5335	84	26
5336	83	24
5337	84	23
5338	84	21
5339	83	20
5340	84	19
5341	84	18
5342	82	18
5343	82	17
5344	84	16
5345	83	15
5346	82	15
5347	83	14
5348	84	13
5349	82	13
5350	80	13
5351	82	12
5352	84	11
5353	82	11
5354	83	10
5355	82	10
5356	83	9
5357	81	9
5358	84	8
5359	83	8
5360	79	8
5361	84	7
5362	77	8
5363	83	6
5364	88	6
5365	79	6
5366	84	5
5367	77	6
5368	85	4
5369	83	4
5370	79	4
5371	84	3
5372	81	3
5373	80	3
5374	83	2
5375	81	2
5376	76	3
5377	77	2
5378	76	2
5379	71	4
5380	96	2
5381	73	2
5382	70	3
5383	66	5
5384	70	2
5385	69	2
5386	67	3
5387	65	4
5388	67	2
5389	62	5
5390	64	3
5391	62	4
5392	64	2
5393	62	3
5394	60	4
5395	57	7
5396	110	3
5397	58	4
5398	57	4
5399	55	6
5400	57	3
5401	53	7
5402	55	4
5403	54	4
5404	54	3
5405	52	5
5406	50	7
5407	50	6
5408	51	4
5409	49	6
5410	48	6
5411	48	5
5412	48	4
5413	46	6
5414	45	7
5415	44	8
5416	44	7
5417	126	5
5418	42	8
5419	42	7
5420	41	8
5421	128	5
5422	39	9
5423	39	7
5424	38	8
5425	37	9
5426	38	6
5427	36	9
5428	35	10
5429	35	7
5430	34	9
5431	33	9
5432	33	8
5433	32	9
5434	31	9
5435	30	10
5436	29	10
5437	28	11
5438	28	9
5439	27	11
5440	26	10
5441	25	12
5442	24	12
5443	24	11
5444	23	12
5445	22	11
5446	20	16
5447	21	11
5448	19	14
5449	18	13
5450	17	14
5451	16	15
5452	15	16
5453	14	15
5454	13	16
5455	12	17
5456	11	17
5457	10	18
5458	8	19
5459	7	20
5460	5	22
5461	166	22
5462	84	25
5463	84	24
5464	84	22
5465	85	21
5466	84	20
5467	85	19
5468	85	18
5469	84	17
5470	83	17
5471	85	16
5472	84	15
5473	88	15
5474	84	14
5475	85	13
5476	88	13
5477	84	12
5478	83	12
5479	85	11
5480	88	11
5481	84	10
5482	88	10
5483	84	9
5484	82	9
5485	85	8
5486	87	8
5487	80	8
5488	85	7
5489	80	7
5490	84	6
5491	89	6
5492	80	6
5493	86	5
5494	80	5
5495	86	4
5496	87	4
5497	80	4
5498	85	3
5499	82	3
5500	90	3
5501	84	2
5502	89	2
5503	79	2
5504	78	2
5505	94	2
5506	73	3
5507	98	3
5508	97	2
5509	72	2
5510	69	3
5511	100	2
5512	101	2
5513	68	2
5514	66	3
5515	103	2
5516	66	2
5517	65	2
5518	63	3
5519	106	2
5520	63	2
5521	61	3
5522	59	4
5523	111	4
5524	59	3
5525	58	3
5526	56	5
5527	113	3
5528	54	6
5529	115	4
5530	55	3
5531	116	3
5532	53	4
5533	52	4
5534	51	5
5535	119	4
5536	50	4
5537	49	5
5538	49	4
5539	122	4
5540	47	5
5541	46	5
5542	45	6
5543	44	6
5544	127	7
5545	43	6
5546	43	5
5547	41	7
5548	129	6
5549	40	7
5550	40	6
5551	39	6
5552	38	7
5553	132	6
5554	36	8
5555	35	9
5556	135	7
5557	34	8
5558	34	7
5559	137	8
5560	32	8
5561	31	8
5562	30	9
5563	30	8
5564	29	9
5565	142	9
5566	27	10
5567	27	9
5568	25	11
5569	25	10
5570	24	10
5571	23	11
5572	148	11
5573	21	13
5574	149	11
5575	19	13
5576	19	12
5577	17	13
5578	16	14
5579	15	15
5580	15	14
5581	13	15
5582	12	16
5583	11	16
5584	10	17
5585	8	18
5586	7	19
5587	5	21
5588	166	23
5589	85	28
5590	85	24
5591	85	22
5592	86	21
5593	85	20
5594	86	19
5595	86	18
5596	85	17
5597	87	17
5598	86	16
5599	85	15
5600	89	15
5601	85	14
5602	86	13
5603	89	13
5604	85	12
5605	87	12
5606	86	11
5607	89	11
5608	85	10
5609	89	10
5610	85	9
5611	88	9
5612	86	8
5613	88	8
5614	90	8
5615	86	7
5616	81	7
5617	85	6
5618	92	7
5619	85	5
5620	87	5
5621	81	5
5622	91	5
5623	88	4
5624	90	4
5625	86	3
5626	88	3
5627	91	3
5628	85	2
5629	90	2
5630	91	2
5631	85	1
5632	96	3
5633	75	2
5634	100	4
5635	99	3
5636	98	2
5637	71	2
5638	102	3
5639	104	4
5640	102	2
5641	104	3
5642	105	3
5643	104	2
5644	105	2
5645	107	3
5646	109	4
5647	107	2
5648	109	3
5649	60	3
5650	112	5
5651	111	3
5652	112	3
5653	114	5
5654	114	4
5655	56	3
5656	116	5
5657	115	3
5658	118	6
5659	117	4
5660	118	4
5661	119	5
5662	120	5
5663	120	4
5664	121	5
5665	121	4
5666	123	6
5667	123	5
5668	124	5
5669	125	6
5670	45	5
5671	128	9
5672	127	6
5673	127	5
5674	42	6
5675	130	8
5676	130	7
5677	130	6
5678	131	6
5679	132	7
5680	133	7
5681	134	8
5682	36	7
5683	135	8
5684	136	8
5685	136	7
5686	138	10
5687	138	8
5688	139	8
5689	140	9
5690	140	8
5691	141	9
5692	142	10
5693	143	10
5694	143	9
5695	145	11
5696	145	10
5697	146	10
5698	147	11
5699	148	12
5700	21	12
5701	150	12
5702	151	13
5703	151	12
5704	153	13
5705	154	14
5706	155	15
5707	155	14
5708	157	15
5709	158	16
5710	159	16
5711	160	17
5712	162	18
5713	163	19
5714	6	20
5715	167	23
5716	85	27
5717	85	23
5718	86	22
5719	87	21
5720	86	20
5721	87	19
5722	87	18
5723	86	17
5724	88	17
5725	87	16
5726	86	15
5727	90	15
5728	86	14
5729	87	13
5730	91	14
5731	86	12
5732	88	12
5733	87	11
5734	90	11
5735	86	10
5736	90	10
5737	86	9
5738	89	9
5739	90	9
5740	89	8
5741	91	8
5742	87	7
5743	89	7
5744	86	6
5745	93	7
5746	90	6
5747	88	5
5748	89	5
5749	92	5
5750	89	4
5751	91	4
5752	87	3
5753	89	3
5754	94	4
5755	86	2
5756	93	3
5757	94	3
5758	92	2
5759	100	5
5760	95	2
5761	102	5
5762	101	4
5763	100	3
5764	99	2
5765	103	4
5766	105	5
5767	103	3
5768	105	4
5769	106	4
5770	108	5
5771	106	3
5772	108	4
5773	110	5
5774	108	3
5775	110	4
5776	113	7
5777	113	6
5778	112	4
5779	113	4
5780	115	6
5781	115	5
5782	114	3
5783	117	6
5784	116	4
5785	119	7
5786	118	5
5787	120	7
5788	120	6
5789	121	7
5790	121	6
5791	122	6
5792	122	5
5793	124	7
5794	124	6
5795	125	7
5796	126	8
5797	125	5
5798	128	10
5799	128	8
5800	128	7
5801	128	6
5802	130	9
5803	131	9
5804	131	7
5805	132	8
5806	133	9
5807	133	8
5808	134	9
5809	134	7
5810	136	10
5811	136	9
5812	137	9
5813	139	13
5814	138	9
5815	139	9
5816	140	10
5817	141	10
5818	142	11
5819	143	12
5820	143	11
5821	144	10
5822	145	12
5823	146	12
5824	146	11
5825	147	12
5826	149	14
5827	149	12
5828	150	13
5829	151	14
5830	152	13
5831	153	14
5832	154	15
5833	155	16
5834	156	15
5835	157	16
5836	158	17
5837	159	17
5838	160	18
5839	162	19
5840	163	20
5841	164	20
5842	166	24
5843	85	26
5844	86	24
5845	86	23
5846	87	22
5847	87	20
5848	88	19
5849	89	19
5850	88	18
5851	89	17
5852	88	16
5853	87	15
5854	91	16
5855	87	14
5856	89	14
5857	92	14
5858	90	13
5859	89	12
5860	90	12
5861	92	12
5862	87	10
5863	92	11
5864	87	9
5865	92	10
5866	91	9
5867	92	9
5868	93	9
5869	88	7
5870	90	7
5871	87	6
5872	95	8
5873	91	6
5874	92	6
5875	90	5
5876	98	8
5877	93	5
5878	94	5
5879	92	4
5880	93	4
5881	97	5
5882	87	2
5883	96	4
5884	97	4
5885	93	2
5886	102	6
5887	97	3
5888	103	6
5889	104	6
5890	102	4
5891	101	3
5892	104	5
5893	106	6
5894	106	5
5895	110	9
5896	107	5
5897	109	6
5898	107	4
5899	109	5
5900	112	8
5901	111	6
5902	111	5
5903	114	8
5904	114	7
5905	113	5
5906	115	7
5907	116	7
5908	117	8
5909	116	6
5910	118	8
5911	117	5
5912	120	9
5913	119	6
5914	121	9
5915	121	8
5916	122	8
5917	122	7
5918	123	8
5919	123	7
5920	124	8
5921	125	8
5922	126	9
5923	127	10
5924	126	6
5925	129	12
5926	129	10
5927	129	9
5928	129	7
5929	131	10
5930	132	11
5931	131	8
5932	132	9
5933	133	10
5934	134	10
5935	135	11
5936	135	9
5937	136	11
5938	137	11
5939	137	10
5940	139	14
5941	139	11
5942	139	10
5943	141	13
5944	141	11
5945	142	12
5946	143	13
5947	144	13
5948	144	11
5949	145	13
5950	146	13
5951	147	13
5952	148	13
5953	149	15
5954	149	13
5955	150	14
5956	151	15
5957	152	14
5958	153	15
5959	154	16
5960	155	17
5961	156	16
5962	157	17
5963	158	18
5964	159	18
5965	161	18
5966	162	20
5967	163	21
5968	165	21
5969	167	24
5970	85	25
5971	87	24
5972	87	23
5973	88	21
5974	89	21
5975	88	20
5976	90	19
5977	89	18
5978	91	18
5979	90	17
5980	89	16
5981	92	16
5982	88	14
5983	90	14
5984	93	15
5985	91	13
5986	92	13
5987	91	12
5988	94	13
5989	91	11
5990	93	11
5991	91	10
5992	94	11
5993	93	10
5994	96	11
5995	94	9
5996	92	8
5997	93	8
5998	91	7
5999	97	9
6000	94	7
6001	95	7
6002	93	6
6003	100	9
6004	95	6
6005	96	6
6006	95	5
6007	96	5
6008	98	6
6009	88	2
6010	98	5
6011	99	5
6012	95	3
6013	103	7
6014	99	4
6015	104	7
6016	105	7
6017	103	5
6018	105	6
6019	109	10
6020	107	7
6021	107	6
6022	111	10
6023	108	6
6024	112	10
6025	110	7
6026	110	6
6027	113	9
6028	112	7
6029	112	6
6030	115	9
6031	115	8
6032	114	6
6033	116	8
6034	117	9
6035	118	10
6036	117	7
6037	119	9
6038	118	7
6039	121	11
6040	120	8
6041	122	10
6042	122	9
6043	123	10
6044	123	9
6045	124	10
6046	124	9
6047	125	9
6048	126	10
6049	127	11
6050	128	12
6051	126	7
6052	130	14
6053	129	11
6054	130	11
6055	129	8
6056	131	11
6057	132	12
6058	132	10
6059	133	11
6060	134	12
6061	134	11
6062	136	14
6063	135	10
6064	137	13
6065	137	12
6066	138	11
6067	140	16
6068	139	12
6069	140	11
6070	141	14
6071	141	12
6072	142	13
6073	144	16
6074	144	14
6075	144	12
6076	146	15
6077	146	14
6078	147	14
6079	148	14
6080	149	16
6081	150	16
6082	150	15
6083	151	16
6084	152	15
6085	153	16
6086	154	17
6087	155	18
6088	156	17
6089	157	18
6090	158	19
6091	159	19
6092	161	19
6093	162	21
6094	164	21
6095	165	22
6096	167	25
6097	86	25
6098	87	25
6099	88	23
6100	88	22
6101	90	21
6102	89	20
6103	91	20
6104	90	18
6105	92	19
6106	91	17
6107	90	16
6108	93	17
6109	91	15
6110	92	15
6111	95	16
6112	93	14
6113	94	14
6114	93	13
6115	96	14
6116	93	12
6117	94	12
6118	95	12
6119	95	11
6120	94	10
6121	98	12
6122	95	10
6123	96	10
6124	95	9
6125	94	8
6126	100	11
6127	96	8
6128	97	8
6129	94	6
6130	101	10
6131	97	7
6132	98	7
6133	97	6
6134	101	8
6135	100	7
6136	92	3
6137	100	6
6138	102	7
6139	98	4
6140	104	8
6141	101	5
6142	107	10
6143	106	8
6144	109	11
6145	106	7
6146	110	11
6147	108	8
6148	108	7
6149	113	13
6150	109	7
6151	114	13
6152	111	8
6153	111	7
6154	114	10
6155	113	8
6156	114	9
6157	115	10
6158	116	10
6159	116	9
6160	117	10
6161	118	11
6162	119	11
6163	118	9
6164	120	11
6165	119	8
6166	122	13
6167	121	10
6168	122	11
6169	123	11
6170	124	12
6171	124	11
6172	125	12
6173	125	11
6174	125	10
6175	126	11
6176	127	12
6177	129	15
6178	127	8
6179	130	15
6180	130	13
6181	130	12
6182	130	10
6183	132	13
6184	133	14
6185	133	12
6186	134	13
6187	135	15
6188	135	12
6189	136	15
6190	136	12
6191	137	14
6192	138	14
6193	138	12
6194	140	17
6195	140	14
6196	140	12
6197	142	16
6198	142	14
6199	143	14
6200	144	17
6201	144	15
6202	145	14
6203	146	16
6204	147	16
6205	147	15
6206	148	15
6207	149	17
6208	150	17
6209	151	17
6210	152	17
6211	152	16
6212	153	17
6213	154	18
6214	155	19
6215	156	18
6216	157	19
6217	158	20
6218	160	19
6219	161	20
6220	162	22
6221	163	22
6222	165	23
6223	168	25
6224	86	26
6225	88	24
6226	89	23
6227	89	22
6228	90	22
6229	90	20
6230	92	21
6231	91	19
6232	93	19
6233	92	18
6234	92	17
6235	94	18
6236	93	16
6237	94	16
6238	96	17
6239	94	15
6240	95	15
6241	95	14
6242	97	15
6243	95	13
6244	96	13
6245	97	13
6246	96	12
6247	97	12
6248	99	13
6249	97	11
6250	98	11
6251	97	10
6252	96	9
6253	101	12
6254	98	9
6255	101	11
6256	96	7
6257	102	11
6258	99	8
6259	101	9
6260	99	7
6261	102	9
6262	103	9
6263	95	4
6264	101	7
6265	103	8
6266	101	6
6267	105	9
6268	105	8
6269	108	11
6270	107	9
6271	110	12
6272	107	8
6273	111	12
6274	109	9
6275	109	8
6276	114	15
6277	110	8
6278	115	15
6279	112	9
6280	113	10
6281	115	12
6282	115	11
6283	116	12
6284	116	11
6285	117	12
6286	117	11
6287	118	12
6288	119	12
6289	120	13
6290	119	10
6291	121	13
6292	120	10
6293	123	15
6294	122	12
6295	123	13
6296	123	12
6297	124	13
6298	125	13
6299	126	14
6300	126	13
6301	126	12
6302	127	13
6303	128	13
6304	130	18
6305	127	9
6306	131	18
6307	131	15
6308	131	13
6309	131	12
6310	132	14
6311	133	15
6312	133	13
6313	134	14
6314	135	16
6315	135	13
6316	137	17
6317	136	13
6318	138	16
6319	138	15
6320	138	13
6321	140	18
6322	140	15
6323	140	13
6324	142	17
6325	142	15
6326	143	15
6327	144	18
6328	145	17
6329	145	15
6330	146	17
6331	147	17
6332	148	18
6333	148	16
6334	150	20
6335	150	18
6336	151	18
6337	152	18
6338	153	18
6339	154	19
6340	155	20
6341	156	20
6342	156	19
6343	157	20
6344	159	20
6345	160	20
6346	161	21
6347	162	23
6348	164	22
6349	165	24
6350	167	26
6351	86	27
6352	88	25
6353	89	24
6354	90	23
6355	91	22
6356	91	21
6357	93	21
6358	92	20
6359	94	20
6360	94	19
6361	93	18
6362	95	18
6363	94	17
6364	95	17
6365	97	18
6366	96	16
6367	97	16
6368	96	15
6369	98	16
6370	97	14
6371	100	17
6372	98	14
6373	99	14
6374	98	13
6375	100	14
6376	100	13
6377	99	12
6378	100	12
6379	98	10
6380	102	13
6381	99	10
6382	102	12
6383	99	9
6384	103	12
6385	103	11
6386	102	10
6387	100	8
6388	103	10
6389	104	10
6390	99	6
6391	107	13
6392	104	9
6393	108	13
6394	106	10
6395	106	9
6396	109	12
6397	108	10
6398	111	14
6399	108	9
6400	112	14
6401	110	10
6402	111	11
6403	115	17
6404	111	9
6405	116	17
6406	113	11
6407	114	11
6408	116	14
6409	116	13
6410	117	14
6411	117	13
6412	118	14
6413	118	13
6414	119	14
6415	119	13
6416	120	14
6417	120	12
6418	122	16
6419	121	12
6420	123	16
6421	123	14
6422	124	15
6423	124	14
6424	125	15
6425	125	14
6426	126	15
6427	127	16
6428	127	14
6429	128	15
6430	128	14
6431	130	19
6432	128	11
6433	131	19
6434	131	16
6435	131	14
6436	132	15
6437	133	16
6438	134	18
6439	134	15
6440	135	17
6441	136	18
6442	135	14
6443	137	18
6444	137	15
6445	138	17
6446	139	18
6447	139	15
6448	141	21
6449	141	18
6450	141	15
6451	142	18
6452	143	18
6453	143	16
6454	145	21
6455	145	18
6456	145	16
6457	147	20
6458	147	18
6459	148	19
6460	148	17
6461	150	21
6462	150	19
6463	151	19
6464	152	19
6465	153	19
6466	154	20
6467	155	21
6468	156	21
6469	157	21
6470	158	21
6471	159	21
6472	160	21
6473	161	22
6474	162	24
6475	163	23
6476	165	25
6477	168	26
6478	87	26
6479	88	26
6480	90	24
6481	91	23
6482	92	23
6483	92	22
6484	93	22
6485	93	20
6486	95	21
6487	95	20
6488	95	19
6489	96	19
6490	97	20
6491	96	18
6492	98	19
6493	97	17
6494	98	17
6495	99	18
6496	99	17
6497	98	15
6498	101	18
6499	99	15
6500	100	15
6501	101	16
6502	101	15
6503	101	14
6504	102	15
6505	101	13
6506	99	11
6507	105	17
6508	103	14
6509	103	13
6510	100	10
6511	104	13
6512	106	15
6513	104	12
6514	106	14
6515	104	11
6516	105	11
6517	102	8
6518	108	14
6519	105	10
6520	110	16
6521	107	11
6522	109	13
6523	110	14
6524	110	13
6525	112	16
6526	111	13
6527	113	16
6528	112	13
6529	112	12
6530	116	20
6531	112	11
6532	116	18
6533	114	12
6534	115	13
6535	117	16
6536	117	15
6537	118	16
6538	118	15
6539	119	16
6540	119	15
6541	120	16
6542	120	15
6543	121	16
6544	121	14
6545	123	19
6546	122	14
6547	124	19
6548	124	17
6549	124	16
6550	125	16
6551	126	18
6552	126	16
6553	127	17
6554	128	19
6555	127	15
6556	128	16
6557	129	16
6558	130	20
6559	129	13
6560	132	22
6561	131	17
6562	132	17
6563	132	16
6564	133	17
6565	134	19
6566	134	16
6567	135	18
6568	136	19
6569	136	16
6570	137	19
6571	137	16
6572	138	18
6573	139	19
6574	139	16
6575	141	22
6576	141	19
6577	141	16
6578	143	22
6579	143	19
6580	143	17
6581	145	22
6582	145	19
6583	146	18
6584	147	21
6585	147	19
6586	148	20
6587	149	18
6588	150	22
6589	151	22
6590	151	20
6591	152	20
6592	153	20
6593	154	21
6594	155	22
6595	156	22
6596	157	22
6597	158	22
6598	159	22
6599	160	22
6600	161	23
6601	162	25
6602	164	23
6603	166	25
6604	167	27
6605	86	28
6606	89	25
6607	90	25
6608	91	24
6609	92	24
6610	93	23
6611	94	23
6612	94	21
6613	95	22
6614	96	22
6615	96	21
6616	96	20
6617	98	21
6618	97	19
6619	99	21
6620	98	18
6621	99	19
6622	100	19
6623	100	18
6624	99	16
6625	102	20
6626	100	16
6627	102	18
6628	102	17
6629	102	16
6630	103	17
6631	103	16
6632	102	14
6633	103	15
6634	106	19
6635	104	15
6636	106	17
6637	104	14
6638	105	14
6639	107	17
6640	105	13
6641	107	15
6642	105	12
6643	107	14
6644	106	12
6645	109	16
6646	106	11
6647	111	19
6648	108	12
6649	110	15
6650	111	16
6651	111	15
6652	113	18
6653	112	15
6654	114	18
6655	113	15
6656	113	14
6657	116	21
6658	113	12
6659	117	20
6660	115	14
6661	116	15
6662	117	17
6663	118	17
6664	119	19
6665	119	17
6666	120	19
6667	120	17
6668	121	19
6669	121	17
6670	122	19
6671	121	15
6672	123	20
6673	122	15
6674	124	20
6675	124	18
6676	125	18
6677	125	17
6678	126	19
6679	126	17
6680	127	18
6681	128	20
6682	128	17
6683	129	19
6684	129	17
6685	131	23
6686	129	14
6687	132	23
6688	132	19
6689	132	18
6690	133	19
6691	133	18
6692	135	23
6693	134	17
6694	136	22
6695	136	20
6696	136	17
6697	138	23
6698	138	19
6699	139	21
6700	139	20
6701	139	17
6702	141	23
6703	141	20
6704	141	17
6705	143	23
6706	143	20
6707	144	19
6708	145	23
6709	145	20
6710	146	19
6711	147	22
6712	148	23
6713	148	21
6714	149	19
6715	150	23
6716	151	23
6717	151	21
6718	152	21
6719	153	21
6720	154	22
6721	155	23
6722	156	23
6723	157	23
6724	158	23
6725	159	23
6726	160	23
6727	161	24
6728	163	25
6729	163	24
6730	165	26
6731	168	27
6732	87	27
6733	89	26
6734	91	25
6735	92	25
6736	93	24
6737	94	24
6738	95	24
6739	94	22
6740	96	23
6741	97	23
6742	97	22
6743	97	21
6744	99	23
6745	98	20
6746	100	22
6747	99	20
6748	100	20
6749	101	21
6750	101	20
6751	101	19
6752	103	21
6753	101	17
6754	103	19
6755	104	20
6756	103	18
6757	104	19
6758	104	18
6759	104	17
6760	104	16
6761	107	21
6762	105	16
6763	107	19
6764	105	15
6765	106	16
6766	108	19
6767	107	16
6768	108	17
6769	106	13
6770	108	16
6771	108	15
6772	110	18
6773	107	12
6774	112	21
6775	109	14
6776	111	17
6777	112	18
6778	112	17
6779	114	21
6780	113	17
6781	114	19
6782	114	17
6783	114	16
6784	117	24
6785	114	14
6786	117	21
6787	116	16
6788	117	18
6789	118	19
6790	118	18
6791	119	20
6792	119	18
6793	120	20
6794	120	18
6795	121	20
6796	121	18
6797	122	20
6798	122	17
6799	124	23
6800	123	17
6801	125	23
6802	125	20
6803	125	19
6804	126	20
6805	127	22
6806	127	20
6807	127	19
6808	128	21
6809	128	18
6810	129	20
6811	129	18
6812	131	24
6813	130	16
6814	132	24
6815	132	20
6816	133	21
6817	133	20
6818	134	20
6819	135	24
6820	135	19
6821	136	23
6822	136	21
6823	137	20
6824	138	24
6825	138	20
6826	139	22
6827	140	24
6828	140	19
6829	141	24
6830	142	24
6831	142	19
6832	143	24
6833	143	21
6834	144	20
6835	145	24
6836	146	24
6837	146	20
6838	147	23
6839	148	24
6840	148	22
6841	149	20
6842	150	24
6843	151	24
6844	152	24
6845	152	22
6846	153	22
6847	154	23
6848	155	24
6849	156	24
6850	157	24
6851	158	24
6852	159	24
6853	160	24
6854	161	25
6855	162	26
6856	164	24
6857	166	26
6858	167	28
6859	88	27
6860	90	26
6861	91	26
6862	92	26
6863	93	25
6864	94	25
6865	95	25
6866	95	23
6867	96	24
6868	97	24
6869	98	24
6870	98	22
6871	99	24
6872	99	22
6873	100	23
6874	100	21
6875	101	22
6876	102	23
6877	102	22
6878	102	21
6879	103	22
6880	102	19
6881	103	20
6882	104	21
6883	105	22
6884	105	20
6885	106	22
6886	105	19
6887	105	18
6888	107	22
6889	106	18
6890	108	22
6891	107	18
6892	108	20
6893	109	21
6894	108	18
6895	109	19
6896	109	18
6897	109	17
6898	110	19
6899	111	21
6900	109	15
6901	112	22
6902	111	18
6903	112	19
6904	113	21
6905	113	19
6906	114	22
6907	114	20
6908	115	21
6909	115	20
6910	115	18
6911	117	25
6912	115	16
6913	118	25
6914	117	19
6915	118	21
6916	118	20
6917	119	21
6918	120	23
6919	120	21
6920	121	23
6921	121	21
6922	122	23
6923	122	21
6924	123	23
6925	122	18
6926	124	24
6927	123	18
6928	125	24
6929	125	21
6930	126	23
6931	126	21
6932	127	23
6933	127	21
6934	128	22
6935	129	25
6936	129	21
6937	130	25
6938	130	21
6939	131	25
6940	130	17
6941	132	25
6942	132	21
6943	133	22
6944	134	25
6945	134	21
6946	135	25
6947	135	20
6948	136	24
6949	137	25
6950	137	21
6951	138	25
6952	138	21
6953	139	23
6954	140	25
6955	140	20
6956	141	25
6957	142	25
6958	142	20
6959	143	25
6960	144	25
6961	144	21
6962	145	25
6963	146	25
6964	146	21
6965	147	24
6966	148	25
6967	149	25
6968	149	21
6969	150	25
6970	151	25
6971	152	25
6972	152	23
6973	153	23
6974	154	24
6975	155	25
6976	156	25
6977	157	25
6978	158	25
6979	159	25
6980	160	25
6981	161	26
6982	163	26
6983	164	25
6984	165	27
6985	168	28
6986	87	28
6987	89	27
6988	91	27
6989	92	27
6990	93	26
6991	94	26
6992	95	26
6993	96	25
6994	97	25
6995	98	26
6996	98	25
6997	98	23
6998	100	26
6999	100	24
7000	101	25
7001	101	23
7002	102	25
7003	102	24
7004	103	24
7005	103	23
7006	104	24
7007	104	23
7008	104	22
7009	105	23
7010	106	25
7011	105	21
7012	107	26
7013	106	21
7014	106	20
7015	108	25
7016	107	20
7017	109	26
7018	108	21
7019	109	22
7020	110	25
7021	109	20
7022	110	22
7023	110	21
7024	110	20
7025	111	22
7026	112	24
7027	110	17
7028	113	26
7029	112	20
7030	113	22
7031	114	25
7032	113	20
7033	115	26
7034	115	23
7035	115	22
7036	116	24
7037	115	19
7038	117	26
7039	116	19
7040	118	26
7041	118	22
7042	119	26
7043	119	23
7044	119	22
7045	120	24
7046	120	22
7047	121	24
7048	121	22
7049	122	24
7050	122	22
7051	123	24
7052	123	21
7053	124	25
7054	124	21
7055	125	25
7056	125	22
7057	126	24
7058	126	22
7059	127	24
7060	128	26
7061	128	23
7062	129	26
7063	129	22
7064	130	26
7065	130	22
7066	131	26
7067	131	20
7068	132	26
7069	133	26
7070	133	23
7071	134	26
7072	134	22
7073	135	26
7074	135	21
7075	136	25
7076	137	26
7077	137	22
7078	138	26
7079	138	22
7080	139	24
7081	140	26
7082	140	21
7083	141	26
7084	142	26
7085	142	21
7086	143	26
7087	144	26
7088	144	22
7089	145	26
7090	146	26
7091	146	22
7092	147	25
7093	148	26
7094	149	26
7095	149	22
7096	150	26
7097	151	26
7098	152	26
7099	153	26
7100	153	24
7101	154	25
7102	155	26
7103	156	26
7104	157	26
7105	158	26
7106	159	26
7107	160	26
7108	161	27
7109	162	27
7110	164	26
7111	166	27
7112	165	27
7113	88	28
7114	90	27
7115	91	28
7116	93	27
7117	94	27
7118	95	27
7119	95	27
7120	96	27
7121	96	26
7122	97	26
7123	98	27
7124	99	27
7125	99	25
7126	100	27
7127	100	25
7128	101	26
7129	101	24
7130	102	26
7131	103	27
7132	103	25
7133	104	27
7134	104	25
7135	105	27
7136	105	25
7137	105	24
7138	106	26
7139	106	23
7140	107	27
7141	107	24
7142	107	23
7143	108	26
7144	108	23
7145	109	27
7146	109	24
7147	109	23
7148	110	26
7149	110	23
7150	111	27
7151	111	25
7152	111	23
7153	112	27
7154	112	25
7155	111	20
7156	113	27
7157	113	24
7158	113	23
7159	114	26
7160	114	23
7161	115	27
7162	115	24
7163	116	27
7164	116	25
7165	116	22
7166	117	27
7167	117	22
7168	118	27
7169	118	23
7170	119	27
7171	119	24
7172	120	27
7173	120	25
7174	121	27
7175	121	25
7176	122	27
7177	122	25
7178	123	27
7179	123	25
7180	123	22
7181	124	26
7182	124	22
7183	125	26
7184	126	27
7185	126	25
7186	127	27
7187	127	25
7188	128	27
7189	128	24
7190	129	27
7191	129	23
7192	130	27
7193	130	23
7194	131	27
7195	131	21
7196	132	27
7197	133	27
7198	133	24
7199	134	27
7200	134	23
7201	135	27
7202	135	22
7203	136	26
7204	137	27
7205	137	23
7206	138	27
7207	139	27
7208	139	25
7209	140	27
7210	140	22
7211	141	27
7212	142	27
7213	142	22
7214	143	27
7215	144	27
7216	144	23
7217	145	27
7218	146	27
7219	146	23
7220	147	26
7221	148	27
7222	149	27
7223	149	23
7224	150	27
7225	151	27
7226	152	27
7227	153	27
7228	153	25
7229	154	26
7230	155	27
7231	156	27
7232	157	27
7233	158	27
7234	159	27
7235	160	27
7236	161	28
7237	163	27
7238	164	27
7239	165	28
7240	89	28
7241	90	28
7242	92	28
7243	93	28
7244	94	28
7245	95	28
7246	96	28
7247	97	28
7248	97	27
7249	98	28
7250	99	28
7251	99	28
7252	99	26
7253	100	28
7254	101	28
7255	101	27
7256	102	28
7257	102	27
7258	103	28
7259	103	26
7260	104	28
7261	104	26
7262	105	28
7263	105	26
7264	106	28
7265	106	27
7266	106	24
7267	107	28
7268	107	25
7269	108	28
7270	108	27
7271	108	24
7272	109	28
7273	109	25
7274	110	28
7275	110	27
7276	110	24
7277	111	28
7278	111	26
7279	111	24
7280	112	28
7281	112	26
7282	112	23
7283	113	28
7284	113	25
7285	114	28
7286	114	27
7287	114	24
7288	115	28
7289	115	25
7290	116	28
7291	116	26
7292	116	23
7293	117	28
7294	117	23
7295	118	28
7296	118	24
7297	119	28
7298	119	25
7299	120	28
7300	120	26
7301	121	28
7302	121	26
7303	122	28
7304	122	26
7305	123	28
7306	123	26
7307	124	28
7308	124	27
7309	125	28
7310	125	27
7311	126	28
7312	126	26
7313	127	28
7314	127	26
7315	128	28
7316	128	25
7317	129	28
7318	129	24
7319	130	28
7320	130	24
7321	131	28
7322	131	22
7323	132	28
7324	133	28
7325	133	25
7326	134	28
7327	134	24
7328	135	28
7329	136	28
7330	136	27
7331	137	28
7332	137	24
7333	138	28
7334	139	28
7335	139	26
7336	140	28
7337	140	23
7338	141	28
7339	142	28
7340	142	23
7341	143	28
7342	144	28
7343	144	24
7344	145	28
7345	146	28
7346	147	28
7347	147	27
7348	148	28
7349	149	28
7350	149	24
7351	150	28
7352	151	28
7353	152	28
7354	153	28
7355	154	28
7356	154	27
7357	155	28
7358	156	28
7359	157	28
7360	158	28
7361	159	28
7362	160	28
7363	162	28
7364	163	28
7365	164	28
7366	166	28
